2.68476	-18.7847
-0.363375	-2.22556
2.59124	-0.184576
-0.748925	-2.69569
3.76297	-6.57439
-5.75235	-4.36215
-0.700154	-2.34147
-6.7957	-5.11764
2.22306	-3.49409
4.02589	-3.50933
0.477857	-5.6169
5.11532	-4.75425
4.23737	-6.9814
2.30641	-4.47974
4.87946	-3.4275
-9.38025	-19.5225
-16.0973	-28.4215
-20.4128	-21.4057
-13.6073	-31.5148
-15.8517	-28.7818
-13.7743	-27.6783
-11.5356	-29.8899
-12.0383	-27.5536
-4.46142	-26.809
-0.321555	-18.2801
-0.874845	-19.6868
-0.557407	-20.546
1.93754	-21.6242
3.15666	-21.8949
3.93593	-22.4424
7.50845	-22.9247
7.10729	-22.5903
8.61794	-23.1668
7.97134	-22.6234
9.83583	-23.4844
9.11133	-25.5196
4.13725	-16.0713
-0.528971	-21.8501
0.273439	-27.4806
-0.382676	-31.1599
-0.575547	-33.5855
-0.0497746	-37.3634
-0.0787519	-39.2272
-3.71568	-37.2069
-3.07877	-36.2295
-5.33777	-33.9727
-4.74113	-34.923
1.18476	-19.0974
-0.699906	-32.3372
0.258769	-38.0855
-2.39645	-37.4066
-5.65488	-35.9983
-7.60609	-35.6102
-7.92552	-36.015
-7.18671	-34.9234
-7.07499	-35.5919
-4.60418	-37.2814
4.35357	-37.2209
2.25304	-27.8443
-0.8756	-23.1179
-3.7869	-24.7887
-1.88936	-30.2332
-1.18064	-30.0062
-1.10571	-30.6688
-0.17153	-30.4391
2.99523	-32.2713
2.2831	-30.9605
3.02396	-24.2245
0.0548594	-16.6995
-1.42789	-19.4071
-2.97139	-17.7017
-3.96399	-19.2146
-3.03299	-21.0857
-3.81373	-23.5712
-3.45159	-27.419
-6.30082	-25.97
-6.17264	-25.7813
-8.69727	-15.8872
-8.90513	-14.3691
-4.96835	-15.2002
-3.93415	-22.505
-5.96194	-22.3861
-6.68219	-24.9547
-7.02182	-26.4041
-9.30221	-26.6788
-8.99378	-27.73
-5.64567	-30.7575
-3.8015	-32.7
-2.76188	-30.0872
-0.822296	-29.4671
-6.46257	-25.7453
-6.96255	-18.5757
-5.68537	-21.0752
-11.0063	-17.6251
-11.2559	-13.3704
-5.30592	-13.6048
2.03119	-14.7395
1.68019	-4.01322
-6.28668	-8.72062
-15.4695	-6.42943
-5.65379	-4.21863
5.91326	-7.06538
-3.20886	-10.5947
-0.552315	-16.4036
4.17686	-10.4592
1.66951	-25.9445
1.48463	-25.36
1.44806	-22.2283
-3.85765	-21.7219
-5.25398	-20.6167
-0.656174	-23.5864
1.9738	-27.7023
0.478059	-26.3715
-2.78374	-19.5582
-2.07421	-14.7716
1.22773	-16.6505
8.69718	-6.9593
1.06886	-4.42405
-2.49676	-7.01266
-13.9674	-14.2978
-12.8192	-3.7256
-14.0141	-2.80001
-9.35451	-2.9725
-19.5321	1.16242
-13.295	-8.80509
-14.1753	-15.1821
-1.33333	-9.04522
-5.71018	-23.1121
3.84128	-13.1443
3.39587	-9.88654
6.01193	-9.79426
5.41482	-5.84965
6.6323	-3.55159
3.40179	-0.512448
9.75333	-2.58906
8.38953	5.5269
2.77937	-1.31001
-1.37639	-11.0635
4.65523	-13.9566
0.290563	-27.6447
4.81182	-21.2982
5.49328	-10.9329
-0.299857	-8.97455
-6.0147	-19.1866
-3.17393	-29.1884
-7.65265	-27.0063
-6.72355	-28.0441
-5.85726	-28.6698
-3.55137	-28.8133
-4.44091	-27.7149
-8.90149	-23.1671
-10.754	-18.3405
-11.538	-12.923
-12.5096	-7.85025
-9.58757	-4.51904
-13.1209	-0.46109
-14.8861	2.85358
-16.0983	1.01671
-17.2629	-0.453488
-20.3133	-2.72203
-11.029	-0.280397
0.348718	-7.35807
-0.348203	-4.30719
-4.93344	-10.4866
2.27875	-4.14577
5.39062	-7.41579
4.23633	2.85801
5.23114	2.75492
2.36662	-9.70864
5.07995	-14.7664
3.34811	-9.10023
3.43537	-17.0982
12.8561	-11.061
8.12445	-17.8385
1.65562	-26.2977
-10.405	-25.9707
-11.0235	-18.5869
-8.33997	-15.1211
-8.70923	-8.28592
-4.34416	0.873532
-12.4546	-4.00723
-7.31244	-3.03225
-13.7232	4.72361
-8.00481	-0.805608
0.646643	2.05279
-5.28616	-1.58607
-4.3443	3.95617
-5.34367	6.62976
2.4533	6.1905
0.886846	4.74679
4.51136	5.22531
4.37165	3.76754
3.07108	6.26699
4.90826	-1.81317
2.84534	-4.87516
4.71632	-6.52367
-1.34067	-2.06863
2.55762	3.1954
8.06618	-1.45232
3.59781	-2.69171
1.19976	-7.697
0.064176	-3.80741
5.53076	-1.91583
-0.316877	-4.88997
4.83836	-0.595053
-0.921688	-3.36304
-1.63922	-7.10728
1.33482	-1.14153
4.75286	-1.20924
6.47539	1.26544
4.27436	-6.39383
3.73841	-9.00328
6.95082	-10.5471
2.22264	-10.8362
6.68697	-5.16235
7.25493	-2.27291
6.50924	1.53702
-8.87109	-21.4959
-5.28476	-24.5947
-1.4393	-28.9282
-8.94756	-25.452
-5.75716	-16.4762
-8.96453	-6.04547
-8.30698	-10.8864
-7.78492	-16.5591
-9.00311	-20.8268
-9.53298	-21.555
-9.48375	-24.3435
-6.64652	-26.8521
-6.993	-27.4333
-5.42552	-29.5887
-3.92302	-32.0719
-3.33088	-34.8726
-2.6506	-35.9977
-1.1545	-36.4458
2.18199	-37.7369
4.4315	-36.0293
3.95403	-36.556
3.66215	-36.9424
2.41873	-35.255
-1.49372	-35.1504
-2.89695	-35.7056
-4.00486	-35.6023
-4.29534	-36.7669
-5.00705	-35.4014
-6.26584	-28.1971
-9.2922	-21.1538
-13.8775	-14.9183
-18.95	-12.1381
-20.0703	-13.1634
-21.5658	-15.726
-17.4628	-17.9826
-9.13922	-20.3513
-7.2831	-17.043
-3.50415	-2.32734
0.64119	-12.7772
-6.99884	-14.7518
-3.70391	-14.6635
-6.3951	-10.9557
-4.10713	-16.7401
-1.97678	-23.4069
-2.70996	-25.9191
-3.61932	-25.366
-6.41312	-27.501
-7.64699	-27.2743
-7.08366	-27.1301
-8.79197	-23.9086
-8.50348	-19.7865
-8.90418	-18.1487
-8.43974	-14.6483
-8.82345	-12.1474
-7.91481	-12.7717
-6.85709	-13.5011
-7.80002	-11.9787
-7.70989	-12.8416
-7.07146	-14.2896
-6.36815	-17.7135
2.14605	-22.954
9.9799	-21.6336
7.78794	-22.4887
10.0406	-22.4122
9.63023	-24.6334
9.84632	-23.6597
11.0248	-24.5733
-1.28847	-18.4547
-2.57289	-16.587
-0.963721	-20.4216
0.478803	-23.0697
5.12868	-24.9545
7.66271	-23.9159
7.35868	-26.7842
5.32912	-27.2629
5.6326	-29.4269
-1.03827	-24.1602
-0.887562	-23.597
4.6715	-20.3344
6.68269	-23.7491
-0.892932	-18.5912
0.401401	-15.8752
5.76533	-10.8362
5.33932	-13.2054
-2.857	-21.0759
-2.61315	-21.0821
-0.240192	-22.064
0.781826	-28.3704
-2.58024	-23.0745
-4.3269	-20.5633
-1.69223	-24.131
-8.44184	-17.1091
3.49894	-10.0416
3.11656	-8.50927
-0.271785	-10.9898
4.92293	-12.4798
-0.313099	-15.6304
-2.63519	-17.9982
5.84304	-11.6536
-8.0201	-14.7111
-11.0527	-12.5074
-12.4577	-12.8793
-11.8856	-12.9725
-9.13418	-12.5442
-4.64636	-8.35659
5.6777	-4.65715
4.95208	-18.3097
3.08169	-11.3156
-7.44766	-20.7164
-6.29714	-18.828
0.396141	-9.32994
4.33069	-8.23972
-3.2625	-16.7887
-10.4393	-12.1228
-2.81951	-22.2707
-14.3525	-10.7969
-3.94121	-19.3831
-8.21872	-12.0781
-6.08722	-3.11038
-10.308	-6.80798
-12.4387	-4.74827
-14.5101	-5.04326
-15.7738	-10.1354
-15.424	-1.48318
-10.6232	-13.5467
-10.1698	-11.3646
-7.55425	-8.89396
-2.64439	-18.9638
-11.7405	-21.0552
-1.9667	-26.2671
-7.06068	-18.8656
-4.13038	-22.8307
-9.06532	-19.3185
-5.57233	-13.5211
-6.97825	-2.69449
-6.33898	-2.2376
-5.78671	-10.0563
-6.07968	-10.4581
3.38013	-8.2682
-3.55189	-9.25554
-6.03575	-8.7378
-5.85191	-5.45954
2.07267	-13.9978
0.609801	-15.8593
-0.097627	-15.8692
-4.78653	-15.4855
-2.15646	-15.2741
2.56698	-17.2968
4.19971	-26.4708
7.95179	-28.6594
8.0411	-27.4948
4.86885	-29.66
0.89786	-26.3698
-5.55092	-23.3286
-13.0251	-21.0824
-13.5832	-19.8791
-8.72815	-25.4673
0.761874	-24.9965
-0.573813	-23.3991
4.10418	-26.6144
3.43809	-24.141
2.03933	-22.0822
4.7617	-21.549
2.67948	-11.5221
1.35021	-12.5201
5.71122	-13.2096
2.35617	-10.7549
4.77397	-6.12396
-6.8985	-13.3788
-3.33039	-13.4419
4.4306	0.816892
-0.388587	3.48634
-7.39256	-15.9004
-11.4769	-22.0041
-11.4642	-20.7231
-4.77931	-15.8032
1.01663	-3.46734
3.52391	-0.332028
-3.96728	-3.93481
-4.23895	-14.6376
-7.67364	-8.15055
-3.44315	-5.05595
0.755149	-3.15856
1.63607	-7.91437
2.10889	-16.3609
-0.140176	-16.5202
-9.49933	-17.4927
-3.81085	-16.2567
5.62138	1.90956
0.166721	-9.2908
-4.02698	-12.9442
-2.10931	-12.5114
-3.78725	-11.103
-2.46504	-12.2346
-3.88253	-9.20985
-3.27705	-9.86874
-4.48372	-10.1395
-3.53021	-11.6482
-1.99006	-14.9684
5.77694	-24.1566
5.30479	-25.8453
2.97437	-22.8978
3.55917	-18.0922
1.28625	-16.4642
-0.922267	-19.1507
-1.77983	-17.2774
0.655903	-21.1453
-1.09867	-23.2594
1.07829	-12.4147
5.89843	-8.19705
9.35793	-5.22608
5.69947	-6.98588
6.43322	-6.62391
5.58228	-0.779351
4.40982	-1.71543
6.55613	-5.87299
1.12754	-7.66284
5.90278	0.0689142
4.58229	-1.96799
0.338583	-2.68148
1.73345	-6.86373
0.853436	-6.17226
2.51549	-4.49457
0.0180066	-3.04051
-3.67969	-22.8674
-4.77084	-24.6477
-3.7695	-33.7013
-5.10695	-33.0488
-3.02304	-30.7494
-6.21225	-24.6996
-3.76425	-21.6716
-1.47352	-7.70922
-2.56007	-6.71095
-2.26372	-7.04191
-9.95668	-11.1381
-7.23871	-4.79464
-2.36223	-12.0734
-9.5393	-8.21787
-7.00501	-7.43881
-3.41861	-12.1276
-4.45024	-5.0534
0.796837	-3.49804
-1.08374	-0.509223
-3.00512	-3.65965
-10.1702	-16.5466
-15.0608	-15.3522
-16.0884	-13.5634
-14.6773	-13.9556
-16.956	-14.3805
-17.1406	-11.8886
-14.1422	-15.7378
-11.3101	-17.7741
-7.35625	5.57162
-6.69547	-2.76428
-2.98679	3.03697
-16.2269	-7.36775
-6.99054	-3.7661
-1.05551	-5.77904
-11.0395	-23.1276
-5.67047	-27.2231
0.20501	-30.3554
-0.452745	-22.5254
4.34387	-17.6696
10.1926	-25.2648
5.9082	-23.9927
7.84988	-21.0843
4.57121	-18.5061
-0.190569	-15.9869
0.399502	-14.2883
-0.830252	-11.6655
-5.28363	-16.6766
-7.14663	-16.8796
-8.14008	-15.7915
-11.2765	-12.8746
-10.907	-13.468
-12.1891	-10.8513
-12.9241	-8.89492
-5.86329	-7.30595
1.97839	-6.701
-3.97639	-3.71152
-5.08498	-11.2217
-22.4465	-6.61408
-2.18509	-10.9976
-12.9733	-28.0489
-12.1843	-27.4059
-13.4154	-25.8323
-12.7696	-19.3221
-12.8207	-16.2006
-13.6654	-14.2237
-9.36032	-13.7737
-8.12509	-10.1517
-5.84431	-5.46883
8.30405	-3.58514
5.50475	-4.04714
5.69123	-8.93535
-1.38944	-12.9039
0.631248	-13.4957
0.873751	-15.6997
-3.30359	-22.1073
2.2658	-26.3079
3.09446	-19.4342
6.75362	-28.1673
0.114196	-31.5819
-0.360995	-33.6028
0.50449	-33.5224
0.530964	-34.0125
1.53915	-31.965
2.1026	-24.157
-1.43195	-13.0621
-7.32278	-6.59716
-7.28878	-10.3859
-11.8292	-13.3762
-15.2396	-12.3481
-14.5118	-18.0488
-19.1296	-14.4812
-14.5983	-13.7786
-11.9703	-14.7315
-6.62168	-19.0266
-0.773609	-23.6537
0.619663	-2.70672
7.5042	-14.9907
-1.09404	-12.5528
3.7036	-6.89945
2.62083	-12.1939
-7.44508	-16.6657
-6.90478	-18.3443
-5.459	-21.0278
-1.88355	-23.7345
-1.04587	-27.2215
0.0479285	-29.7111
0.343444	-32.1432
0.328005	-35.8155
-0.0642513	-34.6582
-1.40732	-31.1129
-2.13927	-27.9373
-2.80843	-25.2698
4.10811	-25.3085
4.76038	-25.1268
6.66908	-28.5073
7.33688	-28.9686
5.3434	-27.2108
4.08002	-27.7176
3.71681	-25.1476
4.44672	-19.447
0.879698	-19.1985
3.49775	-23.5221
0.731445	-19.5738
-0.698613	-11.7954
6.37873	1.46477
-12.56	-5.03018
-9.6122	-10.4606
-13.8167	-10.4346
-14.3372	5.81011
-15.4466	1.5219
-20.8335	1.12323
-8.37982	5.82098
-18.2509	-5.82148
-12.547	-6.40753
-2.04797	-4.52562
3.04379	-2.68566
1.56673	-3.8409
-5.20418	-6.81457
-7.13161	-6.57852
-5.05523	-7.74032
-5.06181	-6.1737
-5.57915	-9.12837
-7.6473	-5.78756
-4.80627	-10.1635
-1.40541	-8.96914
-2.92564	-7.28712
-2.47871	-5.54981
-6.23023	-2.46529
-7.96499	-3.67261
-4.96554	-7.96501
-1.87889	-2.74344
-3.29937	0.963086
2.93383	-0.793044
3.45084	2.58319
4.66286	4.60267
11.2285	-8.17746
-0.0631902	-3.77439
4.37992	-2.54476
6.41675	-4.05466
-0.976415	-4.14104
5.58353	-5.02494
5.26667	-3.65602
5.4817	-1.47347
3.9369	-0.363848
0.172117	-9.19419
4.16672	-2.89701
-0.598392	-7.94661
1.69196	-1.28834
3.35049	-5.45553
4.7843	-5.47171
3.21517	-5.84049
-2.93724	-7.8859
5.9436	-2.20558
12.7168	-1.49627
6.2355	-16.0509
0.311637	-17.2735
3.778	-20.9279
5.43386	-22.632
5.2612	-17.9537
2.15883	-13.3282
1.97089	-14.7212
10.3882	-26.512
7.7671	-33.6137
10.9214	-29.1526
9.71192	-27.4178
4.57222	-24.8193
-2.36494	-18.3363
2.47761	-19.821
2.27301	-8.32929
1.64512	-4.46005
-0.880269	-3.68053
-9.41762	-12.7089
-8.01033	-8.39631
-11.1147	-8.25739
-14.0674	-13.6594
-12.3446	-13.1681
-9.33278	-12.6018
-11.5439	-17.8261
-3.96003	-24.0143
0.787106	-30.5656
0.804099	-34.8605
-1.43471	-33.1154
1.3185	-34.2942
0.848335	-34.687
-0.571159	-34.8246
0.416834	-36.6132
0.226287	-34.3513
-0.734389	-32.6345
-0.395774	-28.359
3.97145	-24.1556
3.23448	-23.1122
3.99769	-27.0415
1.84199	-28.1966
1.79121	-26.422
4.61081	-27.2883
2.20901	-27.7822
-0.989474	-29.7919
0.948949	-31.3052
-5.16961	-24.2161
-4.78755	-18.9573
-5.02413	-20.2423
-7.43274	-15.2573
-4.25346	-12.2747
1.18007	-20.3966
-0.216301	-22.0574
3.39216	-15.9222
-7.27289	-11.9484
-8.05901	-7.34
-12.9815	-9.72347
-7.30181	-21.7502
-4.68217	-26.4513
-6.5631	-24.407
-5.09598	-20.7181
-4.508	-18.8086
-4.93018	-15.9763
-7.16311	-13.1136
-9.59892	-10.8028
-13.8914	-9.17649
-8.44742	-14.9088
4.61258	0.16404
-4.2656	-17.0195
1.66632	-24.8152
-6.73686	-17.4459
-5.61888	-21.7795
-5.7895	-18.7293
-2.41693	-12.596
-1.45898	-29.5218
-2.73592	-34.8686
-6.50222	-37.0042
-5.13149	-35.2207
1.38208	-31.3855
3.63893	-36.7146
-1.92084	-21.2185
5.88324	-12.3515
2.45779	-10.8095
2.68212	-19.4562
0.806667	-17.3115
-5.31829	-29.1335
0.560213	-19.2071
-2.80118	-21.3188
-6.35011	-17.1499
-6.77572	-14.6568
-7.71242	-12.4917
-9.98159	-13.1408
-1.20379	-21.8215
7.35647	-19.427
6.31999	-18.2081
6.36495	-18.8967
5.48195	-20.2114
5.10307	-22.642
3.11132	-21.3114
3.37793	-21.2047
-3.85676	-20.148
-6.31357	-25.7767
-8.55389	-25.596
-11.1593	-21.8909
-9.49005	-22.7828
-11.1468	-19.2599
-5.55068	-19.2721
1.76849	-17.8625
7.40432	-20.3528
9.03741	-24.8963
4.03508	-22.2458
2.42966	-17.8469
0.282232	-15.2775
3.7154	-15.3885
7.02798	-16.8571
5.57593	-9.94564
10.8774	-3.57058
7.56377	-4.80613
10.7401	-8.10151
5.08469	-12.4733
10.0316	-12.3024
-3.82177	-2.14499
-15.4725	-14.7077
-7.44197	-17.4655
-4.02294	-22.8624
-1.34566	-32.1752
-0.925838	-34.6334
3.52721	-38.9108
1.33167	-38.6564
2.12892	-39.2063
1.64928	-34.3695
2.20449	-27.2428
8.3696	-13.6426
4.72849	-14.3259
0.167064	-18.5334
1.227	-21.8211
-1.93797	-13.8203
2.39007	-10.0022
-2.0439	-15.2132
2.06854	-9.48414
-6.85364	-16.4881
-4.39077	-18.3223
-6.14408	-16.3388
-3.00807	-22.0613
-9.10114	-20.6644
-5.33672	-22.9479
-3.46079	-24.5186
-4.2256	-22.627
-10.5587	-15.1205
-15.1731	-14.7608
-3.9032	-12.8533
-6.44626	-10.4327
-13.4652	-12.9448
-7.15085	-7.95495
-7.17363	-4.68044
-13.8117	-10.5314
-9.3263	-12.8662
-2.39357	-6.15796
-5.79538	-12.0106
-8.86849	-10.0288
-5.40445	-0.677113
-7.71157	0.719097
-5.87817	-1.60134
-12.6018	-14.7366
-8.67045	-11.5048
2.36602	-22.1978
10.4291	-10.9793
3.3745	-8.61235
12.8281	-13.8676
-4.31608	-18.8761
-5.26321	-23.7219
-10.919	-17.9294
-14.4595	-15.2863
-16.4005	-12.463
-20.995	-9.58285
-21.5635	-7.15989
-14.5049	-15.2447
-15.2103	-14.8998
-16.0488	-15.2932
-17.5764	-14.4884
-16.9116	-11.7455
-17.3943	-10.4238
-16.2937	-7.95034
-13.4392	-6.51485
-9.62268	-6.19278
-10.1494	-10.2503
-10.0679	-2.16406
-8.20239	-8.2097
-6.14064	-7.30564
-5.39266	-4.80431
-6.15057	-8.0271
-4.75332	-9.83169
-4.15738	-15.6868
-0.715775	-18.7835
-3.26406	-18.9925
-2.48324	-6.30706
-4.18894	-6.33335
-6.565	-6.04042
-4.50716	-1.6197
-5.60385	-2.67471
-4.36364	-9.84279
0.365976	-5.69907
-2.973	-2.80439
-4.14741	-6.27008
-3.94655	-5.48555
-1.27369	-1.91227
-10.4443	-5.82822
-14.1246	-5.50907
-9.69695	-13.8637
-8.46739	-1.41306
-16.2067	-4.4185
-9.12501	-4.85534
-14.3531	-0.287449
-12.3207	0.060253
-15.222	-8.95301
-15.7601	-11.9484
-15.6997	-6.03255
-9.76256	-2.3179
-8.34665	-2.41339
-9.04519	-3.15689
-6.05259	1.96384
0.254273	2.85717
-3.94097	0.834516
3.27655	-5.01976
-0.721982	-11.5167
2.71149	0.26354
0.772168	-5.04669
0.235995	-7.36672
3.55495	-5.27927
3.12076	-2.15688
0.832086	-5.11971
2.63153	-1.73147
-3.57558	-3.08091
0.527435	-3.32779
-4.72932	0.0451424
1.41367	-9.55611
2.43071	-4.73374
2.39247	3.95309
5.74508	-4.63768
-0.73986	1.34224
1.14814	-2.40972
2.65404	-8.26355
2.31964	-0.497598
3.05936	-3.91522
5.04945	-11.3487
-0.800521	-19.8645
3.49409	-19.384
-2.66672	-7.14173
-7.61466	-9.30635
-3.30997	-14.9974
-7.86933	-15.4755
-11.5661	-13.9106
-14.6328	-10.8129
-14.1258	-12.4305
-17.017	-9.69666
-15.0951	-10.167
-7.8652	-16.7283
-3.98388	-7.07471
2.98457	-4.77525
-3.36719	-3.42119
0.969872	-5.40925
-1.53036	-4.59676
-6.87497	-1.38896
-6.54614	-5.50474
-3.21921	-4.75367
-2.47596	-4.72056
-2.83549	-9.57752
-11.4248	-9.41831
-13.2966	-10.9999
-14.4723	-6.22364
-12.5095	-5.13909
-7.87522	-6.99985
-4.47636	-12.2801
-2.57199	-14.8957
-4.10982	-12.9623
0.930756	-18.8414
-1.41273	-16.7812
-0.792293	-19.0179
-4.78213	-20.7923
1.71682	-23.45
-5.98694	-19.0948
-5.32929	-21.6277
-6.68516	-17.4138
-9.73663	-13.1737
-9.04952	-11.5594
-13.7082	-10.4589
-7.3774	-13.5297
-10.9216	-12.0856
-12.6776	-3.76796
-13.4995	-9.50753
-11.3338	-11.7952
-15.6291	-9.2175
-14.2367	-12.0423
-15.3592	-10.0772
-15.6359	-11.8346
-11.8723	-17.3941
-11.6185	-18.7224
-8.90568	-15.3683
-4.00551	-7.05978
-10.2825	-2.9524
-10.2684	-3.737
-20.9191	0.135193
-17.7107	-4.86608
-8.88254	1.35621
-11.6321	4.98472
-6.16163	-5.66953
-11.6407	-9.1595
-10.5015	-7.62477
-5.50337	-7.91892
1.21091	-6.025
1.00742	-0.600815
-10.0021	-4.19868
2.28715	-10.5952
-5.18015	-21.5746
4.17925	-27.7275
1.92186	-26.5575
-0.959262	-27.0841
-0.370631	-26.9013
-0.583456	-28.4143
-5.56699	-25.2811
-9.02221	-23.2777
-10.9522	-22.3386
-11.2771	-24.8707
-11.9931	-21.614
-10.575	-20.3029
-8.16869	-26.1218
-7.57066	-23.424
-5.09812	-19.6411
-5.52438	-12.5669
-6.43702	-14.0751
-7.82507	-16.671
-2.66977	-17.5997
0.746881	-22.8308
1.24244	-19.4412
0.255363	-14.5258
-4.27518	-16.5588
-4.18202	-11.5867
-10.0057	-11.5731
-11.6784	-13.129
-14.2259	-10.0148
-14.9084	-7.50614
-12.2041	-10.0907
-10.228	-12.9327
-14.9058	-11.1586
-14.5774	-12.1584
-21.1512	-14.062
-23.4664	-19.3859
-17.5583	-23.172
-19.4176	-16.5541
-16.4874	-17.8685
-19.0027	-25.3423
-16.1167	-24.5564
-19.8382	-31.1732
-22.5914	-19.0109
-19.2144	-12.9888
-13.6769	-11.9198
-8.52625	-9.71593
-0.858564	-12.3776
1.44029	-16.3725
0.862518	-21.109
5.11429	-31.0636
4.16941	-19.4858
-0.461093	-16.6939
-3.55409	-12.5185
-3.75552	-13.4652
-3.68149	-11.3825
-1.58377	-19.4353
0.940522	-25.7344
0.551133	-29.0758
1.81125	-28.1811
3.60375	-26.1183
5.13113	-23.7748
-1.57121	-15.3014
-1.42352	-16.5627
-1.62385	-10.6918
-2.79526	-0.615331
4.37169	-2.70517
6.94395	-4.2777
1.86545	-2.7346
2.09866	8.25658
1.42873	-0.131431
4.22445	-2.92035
-2.78316	0.181884
-4.38913	-0.762066
-1.57372	-2.00756
-2.06376	-9.53692
5.97207	2.12879
4.92894	-6.98577
3.39262	-6.03859
2.62621	-4.96301
1.48329	-1.85227
3.14424	-10.5268
6.85466	-1.15378
-0.769073	-4.90065
2.86614	-5.0291
9.52957	-5.34445
5.51345	-2.18408
6.92309	1.96073
5.34616	-7.39298
3.12489	-3.43338
4.86908	-5.33423
6.41254	-4.15761
3.75343	-1.56426
8.06649	4.73304
11.1134	-2.92003
8.55462	-2.10726
9.75752	-4.2031
7.1704	-0.791935
7.6361	-0.614534
7.16153	-4.4358
-1.06075	-10.8299
-9.86094	-21.4182
-5.06638	-5.97453
3.69867	-1.72245
-5.8779	-13.5448
-10.8411	-8.86355
-15.084	-10.0656
-14.3443	-13.22
-15.3326	-14.5435
-12.5832	-17.8516
-14.6146	-17.5444
-12.2497	-18.4013
-11.5122	-14.6182
-9.27995	-14.9197
6.84177	-22.5398
5.885	-20.8172
6.43837	-22.5001
6.22619	-26.9218
4.14942	-28.0463
3.25032	-28.0175
5.07232	-26.6441
5.14346	-28.7887
0.168191	-20.0893
-5.61393	-20.4742
-7.53751	-19.4019
-8.33675	-19.2339
-6.87569	-14.914
-4.76151	-22.1986
-7.28893	-23.9455
-8.47022	-21.1117
-9.06785	-17.2647
-8.66966	-15.4427
-8.45174	-12.9331
-8.68073	-13.478
-10.1621	-11.17
-11.8992	-11.6945
-14.3718	-11.2866
-14.9748	-12.4254
-10.8401	-13.1904
2.41734	-10.3697
-4.10768	-10.7463
-4.19563	-4.99741
-4.34837	-15.322
-7.32709	-16.0869
-5.82403	-6.98411
-5.71433	-7.22629
-7.15285	-12.456
-6.31574	-12.8054
-7.00686	-14.0577
-7.71913	-9.20305
-10.0808	-20.201
-8.02629	-18.3789
2.3502	-26.2442
-5.95099	-17.7206
-5.56934	-21.8325
-8.6991	-18.5679
-10.6544	-14.4065
-7.06224	-14.3404
-9.29891	-11.9515
-5.57234	-13.1342
-4.84981	-12.5422
-3.45529	-15.6946
-5.42352	-11.2462
-9.73758	-8.61872
-14.0982	-10.849
-7.50322	-15.7081
-13.1794	-14.8247
-4.83192	-12.6802
-0.269134	-8.8156
-7.14581	-8.6469
-3.76651	-10.5034
-7.60454	-8.85595
-4.82864	-3.76573
-2.41419	-6.30324
-8.83033	-19.4971
-11.5876	-18.2241
-15.6976	-23.9889
-0.304512	-11.5981
-2.74362	-17.8632
4.20536	-16.4121
-0.590245	-30.8076
-1.13344	-30.5237
-1.02753	-25.697
0.904178	-28.1568
3.90347	-31.6248
6.72882	-33.0432
4.63066	-29.3137
3.43689	-26.1429
2.55858	-23.2912
2.18588	-21.1474
0.790215	-19.9887
0.604279	-22.3968
-0.618755	-21.9976
-4.79436	-18.1363
-7.11653	-17.2628
-8.78728	-16.0464
-5.91756	-21.1079
-4.44962	-23.7438
-0.170077	-15.0987
0.402456	-9.37116
-2.73218	-2.94359
-5.51392	-9.37983
-12.8361	-10.7467
-8.73123	-9.45677
-12.364	-4.52704
-7.89245	-11.3487
-5.54469	-6.12823
-12.4052	-12.3473
-7.82854	-11.7157
0.0600894	-11.6184
7.87832	-14.4799
0.557814	-26.0193
-5.09749	-24.9386
-7.89651	-22.2571
-6.68845	-18.9288
-4.49413	-19.8301
-6.54724	-16.1467
-4.35426	-18.2113
-13.4992	-10.2841
-11.9762	-3.54559
-12.9502	-5.16122
-13.5781	-6.3461
-6.68332	-9.70213
2.90051	-12.6849
-0.780528	-11.296
-3.36565	-13.5038
-0.310097	-6.24454
3.26174	-10.6155
2.56804	-13.4243
3.59136	-11.1951
-4.09815	-15.7673
-3.81572	-18.172
1.48192	-2.6678
-4.57283	-15.2093
4.99395	-8.38622
-7.38442	-13.2635
-9.81006	-12.8873
-9.96067	-10.2724
-5.01947	-12.4634
-6.36237	-10.6698
-5.26715	-11.173
-6.71925	-7.79852
-4.94438	-10.7993
-3.29783	-14.4943
-1.46782	-17.8199
-4.69504	-17.0504
-8.94379	-8.61262
-3.012	-10.4711
-7.7451	-8.5873
-1.4898	-14.5361
1.48479	-23.4187
1.51659	-30.3469
-1.35946	-31.4484
-2.5689	-33.0922
-5.01738	-32.4245
-3.99679	-30.7
-9.13017	-27.4495
-7.63105	-24.9835
-0.533394	-30.8238
0.353783	-26.6694
-1.11616	-21.8642
8.07754	-7.41176
0.118023	-5.2097
3.60636	2.62426
-2.00308	0.821192
5.46631	-11.1602
3.75794	-8.34361
6.19057	-7.30035
2.1891	-11.9591
1.78855	-5.67773
-0.304599	-2.02828
4.23605	-8.08231
7.68906	-5.51493
2.83309	-7.11961
-7.93037	-17.3302
-6.79874	-14.2187
-12.0997	-16.4576
-11.8215	-15.0342
-5.84094	-11.6652
-3.20096	-14.5927
-0.294048	-18.7781
6.95345	-6.62784
-3.94719	-3.44878
4.18693	-11.8204
-0.295249	-6.78497
7.36829	-2.5162
4.58084	-5.41291
3.59073	-0.945476
5.61948	-5.26564
6.60401	-2.86844
5.40773	-5.75179
4.91776	2.44545
-0.927596	-17.605
2.87619	-4.23708
3.91198	3.81003
0.452303	-2.5896
2.21241	-4.06066
1.79149	-7.30697
8.18618	1.29714
6.27154	-3.61366
4.43451	-2.77329
-3.00734	-13.3139
-3.66676	-21.5202
6.49368	-15.1385
11.4795	-9.82742
10.4655	-15.189
-1.07447	-23.0048
1.67208	-25.5145
0.672291	-28.8206
3.23265	-31.2844
8.61234	-33.2846
11.6787	-28.5803
4.19198	-19.0198
10.2893	-16.5178
2.97415	-15.9599
3.45851	-18.1261
4.90166	-15.7402
-4.43966	-16.1784
-4.18487	-20.7815
3.9726	-30.8934
1.28677	-36.1488
-8.01354	-34.0483
-8.67441	-31.7765
-8.46312	-31.9813
-5.35179	-29.1407
1.0781	-21.7847
-0.202209	-9.95957
0.27504	-20.9773
2.10575	-14.4456
1.8313	-18.5949
-1.16033	-12.1878
-7.31639	-15.1451
-3.96218	-11.9479
-4.37391	-20.451
-1.84766	-31.3342
-5.06807	-27.1017
-4.99381	-26.1366
-5.1816	-24.3019
-5.75513	-20.9665
-5.04198	-19.8888
-2.84308	-23.2904
-7.65827	-23.1324
-5.64272	-18.0889
-3.50696	-13.0239
2.69586	-7.6077
-0.671475	-7.16704
-4.41199	-11.3465
-4.78269	-4.81517
1.63113	-11.4768
4.94812	-22.7717
-2.20365	-20.2638
-1.48959	-20.1486
-3.84039	-14.7619
-4.04162	-18.0442
-12.6742	-24.662
-10.476	-19.4194
-7.60194	-18.6523
-4.95571	-21.1507
-0.0862982	-21.8488
-0.805027	-19.5123
-2.66891	-19.8524
-1.30337	-18.6988
-0.892715	-17.6708
0.0140974	-18.6822
-2.88441	-15.3823
-2.2807	-13.3977
-2.80922	-12.3119
4.23785	-8.74974
-1.59014	0.414065
0.640411	-0.467241
-8.25216	-4.84628
-4.88434	-6.47107
-3.64167	-1.81667
-11.1886	-14.2184
-10.3207	-18.8756
0.61223	-15.0592
2.38499	-6.99424
3.81557	-27.3312
2.42091	-35.3623
-1.44241	-33.5385
-1.30724	-34.9724
-1.59766	-34.2858
-0.462364	-35.2874
-1.19987	-38.1463
-0.0577593	-37.5029
2.07272	-41.0386
0.731789	-38.5989
0.896143	-37.2747
-0.144012	-37.3497
-0.945884	-36.9156
-2.15907	-36.2201
-2.93145	-34.0371
-2.85823	-33.4752
-4.4622	-31.6604
-2.80717	-29.1212
-2.78995	-26.7948
-1.90952	-22.0249
0.158995	-18.0216
7.09708	-26.2472
10.4243	-33.589
8.90726	-30.8097
6.28409	-25.1611
7.70489	-26.3627
7.2591	-25.5261
8.78915	-26.0674
9.34536	-28.2791
10.4314	-26.0826
9.18083	-23.7908
9.14737	-24.8325
9.6826	-26.5495
0.213135	-20.8903
-2.42183	-23.0133
-0.897819	-24.7518
-2.82439	-21.1928
-3.34815	-21.562
-5.10863	-20.0081
-5.66462	-19.6772
-6.48212	-16.7429
-4.37745	-18.2621
-5.29517	-10.8085
-4.75714	-3.64429
4.48493	-2.2942
3.29976	-8.05345
-0.420004	-10.6724
5.19428	-18.9805
4.87067	-23.7578
5.0751	-28.4965
4.87486	-32.2975
6.37591	-32.7721
4.77258	-31.0854
2.6474	-21.889
-10.5942	-11.8369
-6.88401	-13.9907
-5.80024	-15.0162
-3.06037	-19.3085
-6.80969	-19.4347
-13.1108	-14.6761
-15.0943	-14.9763
-18.1615	-11.7087
-17.49	-13.6565
-16.6932	-15.7164
-16.5508	-16.309
-16.1357	-15.7666
-16.0282	-13.8504
-13.7282	-12.6649
-10.9749	-10.0922
-10.2442	-9.40681
-10.1052	-10.9577
-10.1389	-13.4188
-10.9293	-15.5479
-12.2843	-16.0519
-12.1898	-15.7549
-12.3198	-15.4471
-11.6169	-15.4755
-10.8936	-15.7614
-9.0008	-16.4925
-10.2157	-11.9087
-9.7708	-11.2019
-6.59866	-14.8575
-6.89769	-9.24343
-7.99836	-6.80733
-10.7632	-5.46941
-11.7168	-1.4025
-3.52675	-2.74813
-7.78657	-8.09989
-7.29874	-4.75064
-1.59806	-13.9051
-2.39131	-8.81057
4.27043	-9.9892
-0.787299	-6.70121
-7.40842	-8.73178
-4.53353	-11.108
-3.32126	-9.05173
-6.68057	-6.62617
-5.18027	-7.37679
-5.27277	-6.76291
-2.40592	-8.07768
-1.81523	-7.64552
-3.64014	-5.78457
6.61432	-4.99291
3.43822	-6.76709
10.8115	-3.45736
7.79045	-1.38903
4.03657	0.039309
1.94396	-4.83926
-8.22539	-16.0247
-6.93584	-17.2334
-9.17639	-4.12483
-4.78214	-25.2887
-4.93442	-30.9067
-7.34339	-29.8276
-4.28885	-29.4573
-0.617099	-18.8887
1.60889	-23.6743
2.8487	-22.921
4.22432	-23.5296
2.07086	-19.6718
2.97684	-20.7131
0.0583956	-17.2731
-0.323103	-19.7259
5.35143	-15.2504
-0.892438	-10.8543
-1.66459	-4.48863
-6.96422	-2.61224
-9.92434	-3.42776
-12.0582	-5.80949
-1.22516	-3.00282
1.57318	-3.31849
-1.24408	-0.369401
-2.21313	-4.30629
-0.811097	-6.5616
-2.68848	-1.27179
-13.2814	-18.0846
-12.9284	-21.6073
-5.0443	-22.5891
-3.40394	-17.9925
-5.67013	-8.96359
-11.3311	-10.2203
-7.59456	-14.4087
-1.99735	-26.0599
-7.486	-28.2741
-6.30395	-28.5302
-9.09051	-22.6856
-3.0914	-23.1029
-1.45372	-13.7169
-6.01838	-5.45611
-15.943	-8.5497
-12.9854	-2.33693
-14.6404	-15.5186
-17.2983	-8.93364
-12.6549	-1.21545
-14.9121	-11.8171
-13.4008	-13.3566
-7.65627	-18.2859
-9.35255	-11.044
-4.89711	-15.9066
3.38663	-3.61194
-1.03167	-17.5575
-4.99542	-9.57042
2.98588	-14.9206
-0.528462	-14.7566
-1.48731	-12.1401
-1.48619	-10.9484
6.68174	-9.95884
0.616803	-9.23378
4.33716	-11.93
1.19544	-21.5182
9.12326	-13.0754
5.46077	-14.5095
8.48585	-21.641
8.70971	-20.5433
2.76871	-18.5665
2.74047	-16.1801
0.974765	-14.3319
0.256509	-12.9784
-4.16716	-9.26163
0.412029	-15.4983
-2.87249	-11.4301
2.74903	-9.19993
7.30552	-4.56439
14.1647	-1.0425
13.6375	1.69716
-18.523	-11.4873
-10.97	-7.23407
-7.57908	4.92323
-8.79891	0.716215
-15.0948	-11.0497
-14.5817	3.66824
-12.7929	-9.59742
-15.2697	-6.59478
-16.4855	-7.42835
-8.50181	-5.53266
-7.73463	-6.71206
-6.42825	-5.12125
-6.73475	3.38154
1.9297	-13.0998
-2.10502	-2.82849
2.22041	-0.00580268
1.41303	0.557032
8.08857	-4.96324
4.46971	0.980871
6.78964	1.10272
-1.38246	-5.49687
-0.0294229	-2.62402
3.79502	-8.5553
9.45721	-7.37476
8.92651	0.279274
4.07806	-6.50571
2.39477	-9.72918
-2.78085	-12.3849
-4.37127	-7.63689
9.02304	-6.89077
-1.51061	-5.22861
0.0983945	-5.23527
5.93942	-0.919545
3.80283	-2.91535
3.40297	-5.33734
0.766797	-4.26006
0.714894	-2.69798
1.08762	-22.4151
3.51186	-18.8935
-5.55556	-14.5917
-7.49607	-19.3035
-6.77909	-24.8648
-4.23156	-27.3878
-5.54487	-24.8019
-5.74907	-29.2558
-7.23442	-32.9268
-8.82209	-35.7434
-8.29248	-34.422
-3.4306	-34.8271
-1.50097	-30.8402
-0.323043	-27.7395
-4.12441	-19.3445
-5.8691	-13.3239
-4.32398	-12.8091
5.19814	-19.5316
2.61724	-19.7904
1.79451	-15.3706
4.0645	-16.37
-0.968685	-11.5408
-13.454	-3.72433
-7.55245	-11.8382
-14.7619	-6.92704
-17.2092	-5.88115
-18.8571	-3.12299
-19.7851	-3.29987
-20.039	-5.33635
-16.5476	-5.51055
-4.08741	-3.38399
-3.80574	-12.8088
0.319583	-13.9879
-1.92524	-12.4517
-0.40326	-12.9421
-5.74145	-8.14518
-7.18021	-8.98533
-9.38834	-14.4836
-13.0992	-21.5335
-1.02643	-7.28679
-10.872	-8.18326
-17.4088	-7.35386
-19.2751	-5.11232
-18.9799	-5.19464
-17.6323	-6.18081
-15.248	-2.17042
-4.70314	-10.1736
-2.46472	-16.5876
-1.5805	-15.6794
-8.18705	-22.3737
-5.48114	-10.4258
-6.69641	-10.9108
-11.2494	-21.8243
-6.38109	-17.3392
-10.6348	-13.0759
-12.8179	-10.7145
-10.5061	-11.2226
-13.0729	-10.115
-13.2213	-9.43967
-13.0433	-6.8758
-11.6371	-8.56729
-6.90912	-16.2323
-9.21399	-15.7391
-7.64741	-18.7908
-5.33794	-19.3104
-5.16012	-18.6658
1.00784	-18.277
3.98798	-15.726
5.6343	-15.4557
5.01719	-16.2598
4.7786	-16.8411
4.06372	-16.5468
5.34582	-16.7129
7.5868	-18.4444
3.64147	-14.7133
4.91875	-17.3941
3.63953	-16.9782
2.25145	-17.2572
0.99736	-14.4076
-0.54703	-11.389
-1.88603	-10.2705
-16.634	-20.5261
-22.8968	-15.1272
-23.8389	-14.8151
-24.2074	-12.1782
-24.8189	-10.4351
-25.5307	-10.8097
-27.6423	-10.3799
-27.4741	-12.603
-26.6842	-11.9154
-22.9702	-14.419
-14.9502	-15.6902
-8.31099	-16.7646
-4.60664	-10.6524
-3.222	-13.4357
2.29141	-8.50591
-0.835593	-7.86823
0.00352296	-2.16377
4.96565	-8.01932
0.717749	-9.23248
2.26841	-17.8296
1.30805	-20.0531
2.21622	-24.945
-2.08788	-26.5488
-5.12859	-24.6068
-8.41911	-21.7409
-10.6402	-19.5354
-16.8559	-16.382
-17.9245	-11.3758
-15.9763	-10.2688
-15.1992	-11.4769
-17.7533	-10.7609
-13.3605	-14.4221
-17.2457	-10.5963
-17.1426	-12.3251
-17.3375	-9.99766
-18.0717	-7.77041
-16.962	-8.51159
-15.5022	-7.17603
-16.1919	-8.45147
-19.3939	-3.25637
-15.0781	-8.91297
-15.3633	-7.49634
-14.1256	-10.3921
-10.9604	-9.07012
-8.93857	-10.1256
-6.05653	-9.2766
-4.57313	-8.37486
-3.70818	-9.92895
-3.32676	-9.91556
-2.4847	-12.0943
2.06656	-15.9134
4.63769	-18.9483
6.41893	-19.5725
8.14646	-25.211
7.84234	-23.512
3.75779	-21.9532
5.03036	-23.8627
4.40946	-24.0578
2.27302	-17.2397
-1.69434	-11.8799
0.916499	-14.9845
8.52439	-11.9797
6.99134	-4.1615
1.23713	2.58156
-3.23476	-3.55129
-5.80718	-1.1311
-10.8251	-2.70424
-12.0942	-10.3986
-8.72321	-13.2471
-6.47137	-17.5394
-6.79271	-9.65243
-2.86008	-10.6419
-1.39531	-9.58279
5.05115	-10.0846
-10.4625	-22.2377
2.19645	-36.0336
-0.0192786	-34.4757
-2.96247	-30.2128
-3.30714	-29.5815
-0.113176	-30.5028
-10.4426	-19.7356
0.286215	-26.1909
-9.81621	-25.2961
-3.30945	-21.3726
4.59227	-11.2818
0.131798	-8.06901
-9.42937	-9.97591
-13.5708	-10.0125
-10.2588	-6.74949
-9.80858	-5.03433
1.18336	-4.66485
8.46879	4.4437
-0.0832985	-16.5561
-1.77586	-8.21575
-2.58978	-9.96836
-1.08184	-13.8115
-4.47696	-12.5772
-12.355	-7.81877
-1.36435	-16.8488
10.5275	-18.082
2.23872	-22.9684
-15.056	-5.77766
-8.94754	-10.7785
-8.5242	-13.2089
-6.30774	-12.6643
-4.13642	-11.9302
-4.52934	-9.26857
-6.80208	-5.79353
-10.5653	-2.42083
-11.6108	-14.4678
-4.08959	-15.3781
-3.8393	-22.9789
0.038702	-17.8331
3.86109	-4.50927
1.74493	-3.86864
-11.7737	-15.0207
-8.4906	-10.137
-8.67232	-14.5091
-8.37652	-15.1039
-9.74167	-10.5188
-10.6139	-14.0239
-7.29712	-22.4015
-5.29009	-15.8075
-1.21022	-11.0921
3.0503	-17.8367
0.246388	-27.2447
-2.18136	-30.6419
-2.95729	-27.0046
0.309974	-27.0341
9.20935	-20.0759
5.17072	-10.3807
-0.726661	-11.2778
2.04219	-12.1228
2.83863	-2.23785
-0.260725	-4.1426
2.08704	-4.17265
-0.115035	-13.3897
1.51147	-2.46571
-19.6348	-4.84362
-17.8878	3.03375
-9.72511	-3.3172
-23.6926	-13.2039
-4.92966	-9.13071
-2.67719	-0.245562
-1.46883	-17.0274
-16.3335	-16.5002
-13.7413	-21.4755
-14.4505	-18.9857
-13.2032	-19.252
-8.48483	-20.708
-4.01242	-23.3358
-6.41199	-17.8976
-6.63306	-20.5569
-4.48723	-23.5587
-2.63076	-19.0225
5.9634	-13.6967
6.63226	-2.50456
6.27169	-5.39167
-23.2997	-19.9143
-18.1875	-11.7158
-4.32311	-17.399
-1.67422	-11.8294
2.65174	-8.93397
4.5652	-5.89246
10.4538	-6.70866
1.60459	-8.41425
-6.17233	-16.9461
-11.0555	-12.3695
-7.58667	-17.7203
-9.30087	-18.6414
-14.3895	-13.2451
-16.4873	-9.85839
-18.5754	-6.97943
-23.4377	-5.54414
-22.9047	-10.8527
-22.2751	-13.6591
-22.846	-19.4281
-17.5051	-19.4568
-17.9848	-17.0687
-8.7823	-18.8519
-12.4126	-15.1555
-9.23324	-22.6464
-2.52198	-23.0969
1.22785	-18.4196
2.24909	-0.629423
2.10263	-4.86591
-1.38017	-11.4747
1.92885	-12.4709
3.65558	-2.89403
2.36531	-15.0902
0.473822	-12.8826
-5.25436	-9.82167
0.0570308	-10.1863
0.48024	-6.862
-1.81429	-10.543
6.81211	-1.81179
-0.0560267	-10.1333
0.632429	-8.31282
5.64183	-2.9543
1.02555	-3.89921
0.721321	-0.600729
2.76806	-6.70395
-2.32167	-3.46982
0.746104	-3.77352
5.10326	-4.65074
2.21032	-5.99763
1.81164	-5.46834
2.25278	-5.68105
-1.84161	-9.80963
-8.66871	-13.0685
-1.63914	-0.973414
-5.49316	-14.4676
-6.0276	-8.2601
-8.98692	-5.41178
-11.7812	-3.55749
-13.5686	-2.00385
-3.73185	-14.255
-10.4512	-5.89572
-13.3919	-5.36423
-15.3179	-6.12862
-17.0275	-4.85268
-17.3385	-7.10868
-17.2929	-7.95829
-16.4665	-7.84075
-15.1476	-9.27614
-15.162	-8.99548
-13.7177	-7.57288
-14.8841	-5.99074
-12.9583	-5.72237
-10.2974	-7.18404
-7.12559	-8.68912
-4.62541	-13.1244
-2.68219	-16.5343
-1.47153	-16.4852
8.02983	-24.4774
-2.2135	-21.1331
-2.10785	-15.2199
-4.12749	-18.4574
-0.760509	-11.915
0.78914	-13.5047
-8.02673	-7.0612
-13.6517	-8.5329
-21.8248	-7.25939
-20.7506	-5.17297
-12.0058	-3.24499
-10.6122	0.139001
-8.08731	-9.04729
-9.39336	-8.88444
-13.5102	-11.2063
-9.92002	-7.95056
-9.34645	-0.838313
-10.2995	0.293027
-8.49499	-0.96124
-7.9326	-4.6797
-12.3631	-0.48475
-10.0567	-4.61553
-9.66485	-2.18896
-9.11156	1.15555
-10.4852	-1.84449
-7.59243	-2.01479
-7.53197	-5.97911
-3.88515	-5.17641
-0.811616	-5.2914
2.2172	-11.8357
0.0246923	-9.9655
4.31236	-14.2709
1.95876	-18.5365
1.65653	-22.3698
-2.43223	-23.2689
-1.16806	-29.8337
0.523271	-36.0228
-0.255665	-38.0057
-1.99035	-37.3922
-0.581738	-39.7773
-1.44791	-39.6685
-1.52446	-37.8453
-1.05695	-38.2461
-0.712492	-36.4404
-1.50424	-35.6459
-1.74816	-34.9323
-3.51334	-33.4812
-5.15384	-34.6848
-4.8735	-34.6081
-4.50617	-36.9494
-2.92347	-36.3861
-0.86672	-34.8251
-4.40752	-31.7785
-6.99031	-21.7408
-13.8474	-14.2304
-14.0589	-14.7549
-19.2564	-10.29
-22.4983	-11.2856
-21.0807	-16.48
-26.8348	-11.1545
-29.151	-12.7613
-22.6203	-20.0301
-27.4953	-14.2568
-28.4899	-16.2834
-27.8131	-16.8499
-22.2624	-17.3702
-10.3823	-12.3847
-4.37015	-14.251
4.09593	1.57608
5.49908	-8.03441
9.31008	0.641887
0.968452	-3.97599
-9.03185	1.46709
-12.187	-8.35159
-10.1125	-4.59801
-13.9974	-10.0635
-12.728	-6.12198
-13.3762	-8.10563
-9.09761	-7.00177
-6.60976	-4.87291
-0.310463	-8.3817
-4.13655	-9.34943
-7.2165	-6.74785
-3.33289	-11.5127
-3.09751	-13.9629
-3.01995	-13.9282
-1.29679	-15.2912
-0.463991	-19.1752
-0.0282727	-18.9249
-0.336121	-28.0539
-1.54269	-24.194
-5.45885	-18.2078
-5.18071	-17.1631
-2.08044	-16.7772
-0.173793	-20.6498
5.64517	-10.7517
-0.266406	-7.23055
-3.23336	-13.9142
-2.57006	-17.832
-12.4805	-14.2366
-25.7201	-18.5471
-15.0166	-10.069
-11.317	-4.62433
-12.9933	-9.3784
-4.2865	0.358313
-9.0887	-12.8371
-14.1187	-12.8788
-13.6711	-12.856
-3.13953	-18.5906
1.25875	-24.0649
0.868086	-24.4796
0.195682	-22.8358
3.87239	-27.5319
2.80395	-26.6128
1.49459	-23.9711
-0.749241	-20.0938
-4.42296	-20.0619
-0.232805	-28.0875
-1.91317	-29.7883
-1.05537	-30.5728
-2.22223	-27.9504
0.798487	-27.3413
-2.8088	-26.9983
-2.9799	-26.6639
0.561293	-25.2442
-1.27095	-27.4417
4.09523	-25.1379
5.48488	-21.2313
5.40845	-24.6251
8.14934	-9.92883
4.8973	-19.8308
7.84967	-13.3347
6.65423	-13.7033
2.40181	-13.4321
6.78075	-13.2496
-4.53734	-15.2388
0.414995	-6.41309
-2.63637	-6.49539
1.85177	-6.19928
6.98902	-13.7327
1.03655	-2.71206
3.24802	-5.19356
2.4084	-3.99473
6.30522	-1.71982
3.71623	-9.7968
-0.402917	-0.0697283
1.20323	-1.03404
-0.954	-6.23059
-2.61332	-3.81798
4.47377	-2.31242
5.06288	-7.30906
3.12195	-11.6055
-1.07671	-2.28856
2.59866	-4.17226
9.89586	-4.24805
8.45588	-2.15362
-3.60501	-20.6552
3.17306	-21.1853
-2.87347	-18.4801
-0.223785	-19.1623
4.73482	-18.4752
4.27782	-18.039
-0.409655	-21.3545
-6.79824	-18.5733
-12.7761	-14.551
-13.0501	-13.0106
-12.9323	-15.1503
-12.195	-15.5365
-7.24443	-17.5778
-2.38285	-17.1125
-3.4849	-14.1635
-0.270354	-15.1808
1.06638	-21.1393
-0.195004	-24.6555
2.04704	-33.7358
-0.785973	-35.5218
-1.52396	-33.8178
-0.120952	-29.3227
2.55743	-28.9982
-0.607816	-19.262
1.12543	-13.4724
0.335448	-10.1932
9.0763	-4.93169
12.0194	-2.74564
10.6986	-4.00357
3.60166	-2.8928
6.38006	-6.18199
4.70875	-5.84528
-3.78241	-13.0558
-8.63931	-12.7636
-8.98672	-11.5602
-9.5794	-8.56823
-11.314	-6.04967
-10.2329	-6.77811
-4.08448	-12.8313
-2.63979	-16.998
4.96365	-13.8182
8.60024	-8.02337
-4.5427	-8.87523
-10.9038	-12.6778
-13.8615	-16.9807
-15.7217	-12.3124
-10.6448	-10.8017
-12.4943	-3.34418
-10.2621	-4.68171
-15.3809	-7.80296
-11.7508	-9.34534
-7.76422	-17.9735
-2.98394	-12.626
5.04595	-17.3356
1.32174	-29.2809
-0.339297	-32.3139
-4.8913	-25.4525
-7.05662	-23.9454
-9.9012	-22.8195
-11.2767	-21.6531
-11.6911	-20.1175
-12.2194	-18.464
-12.8213	-17.5672
-13.707	-15.7924
-11.8431	-15.1429
-13.0952	-14.0946
-13.1053	-13.2735
-10.6926	-14.5879
-12.1055	-12.6447
-10.2646	-14.9163
-12.8969	-10.963
-15.5249	-9.07855
-15.6471	-10.6812
-17.4335	-7.2892
-19.1621	-6.47483
-17.3885	-7.73835
-16.9577	-11.5796
-16.717	-9.99546
-16.6194	-10.7103
-17.5701	-7.14487
-15.1468	-7.66225
-8.72161	-13.2736
-4.75137	-20.2931
-6.51015	-11.9036
-2.69546	-12.1775
2.67966	-11.0428
-6.03008	-10.151
-6.78407	-3.94404
-5.15267	1.29155
-13.1324	0.278449
-14.1561	-1.16022
-17.1545	0.722726
-7.6418	-6.90813
-9.60993	1.33526
-9.8956	-2.9803
-9.50886	-0.605972
-8.88828	-4.94579
-4.58063	-10.2497
-5.90287	-8.02419
-3.08307	-7.22619
-9.13643	-10.9027
-7.6966	-12.2122
-6.68881	-12.1442
-5.53836	-15.7057
-2.3178	-18.2559
6.69119	-19.593
8.00476	-23.1
6.47136	-24.3119
8.51911	-26.8136
6.55012	-26.3886
6.09682	-26.3651
6.03525	-28.1559
5.09639	-28.8639
5.58074	-30.0343
5.76477	-30.4473
4.07539	-35.1149
0.573644	-34.0297
4.27807	-35.4922
5.27244	-27.1815
0.469499	-20.9004
-1.29118	-23.6538
-3.14168	-30.4424
-3.46922	-33.5686
-4.51237	-35.3611
-2.81799	-39.5125
-1.34762	-38.8451
0.220989	-38.5029
4.76212	-39.6755
5.90464	-41.6878
3.48469	-26.9182
3.82981	-20.6665
7.22463	-16.2035
7.77937	-18.3855
-2.78244	-21.9028
-9.97221	-15.3661
-12.401	-6.75351
-18.2263	-0.852521
-17.5452	-8.57306
-6.5485	-15.9151
-1.24947	-11.4432
-6.62811	-9.93278
1.98369	-4.10907
-1.79572	-15.244
-5.61424	-17.7582
-11.4083	-12.4099
-13.9397	-11.8685
-9.58969	-16.3934
-7.17985	-20.6768
-8.32079	-20.2043
-7.24947	-19.0208
-0.287669	-9.77215
-1.21551	-9.91452
3.92698	-6.04407
-3.57724	-10.4779
-2.96108	-13.099
-5.66896	-14.6817
-9.62078	-22.1222
-2.97685	-12.1687
-0.888572	-14.1086
-3.96198	-22.1746
1.33443	-27.7586
2.41371	-26.7738
0.560074	-23.3256
3.24964	-21.0355
2.77626	-30.1189
4.30784	-28.2285
5.60618	-27.6485
3.47348	-26.1938
5.20453	-26.3264
4.36151	-27.9458
-0.0854154	-23.912
-6.93	-17.0272
-12.2438	-17.5062
-14.3092	-15.4664
-15.2667	-17.9528
-15.458	-21.0389
-12.669	-23.5853
-6.65168	-25.1969
-2.7987	-23.2208
-2.06849	-21.2413
-0.75841	-19.3072
0.425712	-21.5237
-1.21949	-20.2124
0.261684	-20.2035
11.0978	-20.6485
8.53509	-26.8876
7.64354	-25.0072
9.10483	-25.5885
10.8272	-25.3377
9.19955	-23.4523
7.46166	-19.7882
0.53395	-16.4069
-3.56489	-13.3401
-3.78449	-12.6418
-5.47212	-10.8589
-4.65343	-11.1931
-4.86068	-8.85607
-5.94734	-10.1635
-1.84951	-16.9449
7.29633	-16.4287
10.4251	-17.3643
6.48515	-16.8426
4.06216	-11.0923
-0.548296	-10.5119
3.03927	-13.3743
3.29713	-12.3015
5.43471	-3.04663
4.05503	-1.36526
-1.65376	-5.30998
1.03877	-5.55853
0.91071	-12.5952
15.6015	-5.20987
4.19952	-10.6941
5.16337	-8.78138
3.63418	-15.9958
0.550653	-23.3096
2.19215	-29.3102
-5.57864	-24.4866
-7.47616	-26.0822
-8.5376	-24.1373
-8.51245	-22.5253
-7.36899	-21.398
-5.29033	-18.5084
-2.39172	-23.2088
-3.33791	-15.3007
-0.870137	-12.7713
-2.08584	-17.7224
-3.7363	-2.97064
-1.98477	-5.95208
0.595135	-7.16779
0.366236	-5.1192
4.98883	-5.8531
0.306147	-6.3847
7.97415	-12.1891
-0.791635	-9.35093
-9.49746	-7.95182
-13.9117	-6.49444
-14.6774	-6.34671
-12.9555	-9.04196
-9.41335	-13.2437
-10.3103	-12.3428
-10.391	-10.4873
-15.4957	-4.79092
-12.6027	-7.68764
-6.6346	-9.42618
-4.04132	-1.94769
-8.54372	-1.27367
-14.2248	-8.45126
-16.2647	-4.89061
-17.7576	4.4855
-17.9149	4.36897
-13.4284	3.32221
-21.1787	-3.31123
-14.8078	0.383251
-10.5443	-0.587795
-11.6754	-3.62848
-2.10377	-9.26314
-13.2334	-11.4492
-15.3067	-10.3837
-17.4582	-8.11209
-12.0244	-14.1654
-12.9597	-15.0599
-11.5298	-15.4206
-16.2713	-11.5259
-21.4203	-6.02059
-23.08	-7.66018
-23.8171	-8.65377
-13.6273	-7.40156
-2.68212	-13.8452
-0.76939	-11.5293
-3.12827	-12.9385
-7.79251	-17.6586
-1.1369	-18.2409
-1.80283	-10.9838
1.50762	-5.21716
-7.1977	-25.4334
-18.0099	-21.7728
-14.4119	-23.3926
-10.824	-25.2501
-8.88699	-23.8725
-4.40591	-23.6949
-3.50994	-23.0448
-3.8788	-21.3006
-1.17812	-21.1763
-0.776539	-20.0814
-1.404	-18.1331
0.991388	-19.6461
-0.581264	-17.8078
-1.22698	-17.7284
-2.32967	-13.222
-5.91346	-4.83103
-6.52855	-15.5177
-6.40212	-17.455
-4.21765	-21.3115
-2.97215	-22.64
-3.06283	-19.8951
0.40906	-25.9001
1.77048	-29.2222
1.63364	-29.2609
0.611122	-28.9727
-0.129653	-27.3548
-0.687541	-27.7844
-1.96169	-27.9836
-0.8253	-28.7651
-10.7413	-27.0621
-7.41879	-32.7845
-3.35108	-32.0237
-9.0406	-26.5918
-7.49179	-24.8797
-4.99971	-26.184
-1.18205	-26.7604
1.76135	-24.1273
0.458156	-26.2117
2.23306	-26.4092
3.79347	-22.5937
1.9094	-13.0028
-1.06952	-8.30639
-3.98821	-6.91255
-5.85649	-7.71484
-8.17373	-4.93884
-12.5274	-1.0074
-6.25302	-8.79917
-10.8666	0.152656
-9.18279	-6.82193
-7.67165	-4.51426
-9.50999	-8.64427
-7.93992	-2.12849
2.95484	-6.03305
4.88963	1.93016
1.94165	-4.86615
-0.308652	-6.30728
4.56394	-10.9077
3.41004	-9.76747
-3.23142	-10.4017
-4.17509	-2.47899
-3.40228	-14.4933
-2.93717	-9.77515
-9.21137	-1.0281
-8.85757	2.75865
-9.69781	-6.69341
-17.2422	-7.66968
-18.3318	-7.04112
-20.1735	-5.61705
-15.0187	-6.87948
-6.33303	-7.95791
5.17735	-19.1682
7.02443	-18.8522
7.99662	-16.4361
10.4695	-19.963
9.10898	-16.0148
-2.20793	-17.8376
-3.2884	-11.2936
-0.621127	-11.3918
-4.15236	-9.70492
-2.43889	-12.2251
0.30511	-14.3207
-1.30486	-12.5938
-3.26869	-9.18045
-4.72374	-7.23287
-4.49546	-9.27628
-3.53503	-10.4408
-5.16626	-8.21388
-4.93635	-8.47293
-6.9601	-8.08453
-4.37856	-10.6826
3.60316	-6.80331
-0.846143	-12.253
-2.04198	-14.6226
5.92018	-8.72062
6.45573	-5.70677
-0.166037	-5.53799
-1.28446	7.26587
4.56344	5.24373
-7.95204	-11.8461
-9.86215	-11.5881
-16.9036	-5.49329
-16.3962	-3.07611
-13.922	-6.87409
-10.8392	-10.2031
-11.3302	-11.5679
-11.2765	-14.9403
-14.7177	-13.2709
-12.8724	-12.5796
-10.678	-12.2996
-7.14763	-16.6519
-5.94359	-25.1731
-4.51309	-31.0199
-3.21731	-32.8552
-1.72455	-16.954
2.01381	-21.0004
3.57563	-24.4036
1.34252	-23.8143
-0.588854	-23.1922
0.28846	-17.9173
-0.235203	-15.064
1.1802	-16.6288
4.89996	-6.39287
-9.74817	-13.9899
-12.8764	-13.6605
-10.1743	-8.21209
-7.13544	-11.594
-8.63083	-8.64825
-12.7448	-7.01818
-3.37832	-14.3507
0.318354	-5.16306
3.68949	-4.90142
1.99242	-8.13606
4.30371	-7.75149
3.777	-7.03228
4.90736	-9.61442
5.64153	-23.4383
3.14839	-29.99
-1.49851	-29.5916
0.608174	-36.6829
0.0540248	-36.2206
-0.0663615	-36.6449
3.31293	-30.375
0.343823	-19.657
0.621477	-23.86
-1.76157	-26.1878
-4.58975	-24.5699
-6.21403	-20.4826
-8.45286	-16.35
-8.74101	-14.5829
-9.10578	-13.7487
-9.57807	-12.9937
-9.64715	-15.2309
-8.35715	-17.1974
-10.2902	-13.7633
-15.7444	-7.67116
-15.4588	-8.34569
-11.9344	-11.6978
-2.66327	-14.1313
0.635897	-6.31661
2.56772	-11.5055
-6.18128	-19.4712
-4.49976	-17.6866
-6.37318	-12.0537
-8.87057	-11.1879
-11.6042	-10.0267
-2.97665	-8.24725
-13.6277	-12.7048
-14.7308	-11.0651
-9.70435	-14.2528
-8.40567	-17.1173
-6.63876	-11.6853
-4.56745	-8.56364
-7.67858	-11.7905
-9.11879	-10.3042
1.70998	-6.76001
-0.13895	-7.56324
-2.78532	-7.66307
-10.5059	-16.009
-6.99326	-16.6472
-6.82994	-18.698
-9.17778	-18.3282
-3.11603	-13.5454
-3.45154	-15.2036
-6.04769	-12.5268
-7.82072	-11.3682
-8.72246	-9.65682
2.49575	-14.4772
9.71955	-20.0802
11.9612	-20.0563
10.1146	-17.5267
8.6653	-16.3101
1.20849	-14.5662
-6.15053	-15.429
-13.6093	-5.66784
-11.5695	-4.74366
-9.80504	-4.73259
-8.18276	-7.69237
-7.62419	-9.95011
-6.56582	-13.4569
-4.24649	-19.0118
-3.79467	-19.6754
4.85091	-13.6423
-1.45985	-8.42182
-1.75144	-9.89382
1.03553	-3.66036
-4.63969	-6.2563
-5.16807	-5.83172
-6.02127	-16.8586
-13.2433	-25.0944
-0.982231	-29.197
-7.39543	-29.3131
-4.35406	-33.3585
-5.12215	-29.8883
-1.83719	-30.4287
6.19275	-32.6911
4.81508	-25.4659
5.76546	-19.328
1.19968	-17.4319
-0.261817	-16.5402
5.82965	-15.9219
5.30782	-16.5588
4.72798	-14.1007
4.98573	-15.32
6.23324	-17.9949
5.24266	-16.6222
7.56639	-10.9628
1.60971	-14.1521
-0.11265	-16.9633
-0.983448	-24.5328
-0.0346758	-27.8196
-3.44003	-22.0345
-5.57293	-16.9179
-6.74511	-14.5634
-10.018	-11.3399
-8.47134	-6.96731
0.653711	-9.59783
7.69015	-11.4495
4.06549	-16.9418
-3.97159	-17.1665
-4.51689	-13.4646
-2.93982	-10.3379
-5.96037	-14.8743
-9.52832	-12.1345
-7.30391	-9.92285
1.77735	-8.91689
4.03142	4.17529
-7.43283	-11.3096
-3.06861	-4.5382
-12.1578	-13.1439
-11.2617	-11.0643
-3.27402	-11.9895
5.63576	-16.2961
7.9471	-19.4003
9.1784	-20.225
8.77298	-19.4514
8.7301	-20.633
8.16745	-17.6798
10.004	-19.8413
8.91151	-18.8863
9.65019	-20.4668
9.5122	-21.8747
9.69916	-26.3981
11.1007	-26.3648
6.53118	-17.5897
-5.12206	-14.8492
-7.63874	-15.4157
-7.35429	-16.5487
-4.88508	-18.7509
-3.91784	-18.6393
-3.3751	-18.2829
-8.30414	-12.232
-7.91865	-14.3064
-9.08211	-14.5641
-4.32239	-16.8462
-2.70535	-20.7429
-1.5176	-23.7272
-4.50345	-22.6108
-8.24951	-20.8249
-10.8973	-17.3799
-10.6562	-18.3772
-8.55708	-18.5461
-11.12	-12.0876
-14.0191	-5.86592
-10.7696	-9.86284
-8.58785	-3.41015
-6.29913	-6.87194
-12.9501	6.33226
-20.5207	1.98611
-10.0094	-0.106299
-12.3056	-6.00796
-15.2905	-0.926129
-20.0006	-5.89647
-14.0213	-6.15271
-4.06414	-2.60687
-10.5547	-7.65352
-19.6129	-5.18869
-17.1262	-4.97138
-15.9202	-4.58983
-12.8711	-7.62514
-14.4674	-5.43774
-15.3208	-9.25761
-8.43334	-14.8402
5.33945	-16.1822
6.61722	-12.7517
6.40738	-7.86145
-7.90334	-3.18199
-12.0478	-11.0626
-10.6985	-8.06986
-9.92506	-12.1386
-10.5236	-12.568
-9.43646	-9.05258
-8.06865	-6.97022
-5.23947	-7.45852
-0.832109	-8.03925
0.825605	-6.98036
1.68643	-7.52887
2.44788	-7.65488
3.1025	-8.82124
6.18919	-12.193
7.21408	-16.2298
1.79603	-15.0739
5.41226	-19.1788
1.89093	-18.2335
6.20866	-21.7647
5.03599	-9.85739
7.05062	-19.4163
0.875637	-12.4088
3.11487	-19.0504
2.02449	-17.397
-0.60382	-17.0365
0.686498	-13.2685
0.312028	-13.5316
10.041	-9.32345
10.5404	0.154655
12.1433	4.95888
4.81987	-2.55301
4.44288	0.637887
1.72148	5.5574
0.57929	-2.70216
7.50603	-1.53122
2.1419	0.658133
1.34425	-3.44555
1.4355	-8.41059
0.0430168	-2.8256
-0.43162	-6.53666
0.605886	-8.4172
3.03014	-1.7378
3.28841	-2.26897
-3.69803	-2.26996
2.96212	-1.55079
2.30609	-7.34863
-1.51719	0.528377
5.14429	-1.84375
3.86628	-9.9205
6.46087	2.62373
4.7972	5.16765
3.78493	4.70983
6.14029	-4.42272
-11.8772	-22.4005
-14.4297	-27.6556
-11.9214	-33.3861
-10.4754	-28.6017
-9.35172	-24.8082
-2.19085	-20.5598
-1.79654	-19.6467
-2.21044	-18.2711
-0.618427	-15.6197
0.68607	-13.7791
1.05426	-15.4249
0.238456	-15.7788
-0.249968	-14.322
-0.632852	-14.3884
-0.571433	-14.0844
-2.05093	-16.4133
-6.3071	-19.9725
-10.7033	-18.8297
-13.2256	-10.415
-15.0857	-2.52192
-11.5848	-2.24451
-11.1833	-2.70171
-2.50477	-6.2971
2.57806	-2.8715
-7.819	-8.31864
-10.541	-0.457512
-4.05336	-2.36026
-10.7604	-4.64672
-12.215	-7.66669
-9.64393	-16.3901
-8.91888	-14.2613
-8.38377	-10.891
-1.28611	-23.5165
-4.1451	-22.3671
-10.2712	-15.1739
-5.31235	-18.6995
-5.20367	-23.5638
-6.72794	-26.3846
-7.43153	-31.0571
-9.45855	-32.9537
-10.8251	-35.1043
-12.7411	-31.7318
-11.9039	-33.4104
-4.58794	-18.4499
-4.2491	-18.3083
-5.22537	-20.3673
-3.44859	-22.2869
-3.16799	-22.3258
0.47585	-19.7345
3.51883	-17.9096
1.85872	-18.9769
2.28972	-19.88
1.38244	-9.82761
1.40347	-31.3902
-3.26628	-22.092
-5.2849	-23.9255
-5.81944	-20.6951
-4.26409	-18.1528
-4.74916	-18.9216
-6.92941	-18.8437
-10.0908	-17.568
-10.3408	-16.8066
-8.63858	-13.6891
-7.96964	-13.7068
-6.81362	-15.9638
-4.0063	-19.779
-3.23879	-17.5562
-3.43917	-12.8144
-0.636286	-11.142
-0.753273	-16.1787
0.157086	-6.1682
-9.84427	-4.41598
-23.8354	-5.01461
-11.1448	-6.5543
-7.61803	-11.1432
0.303535	-1.1749
-4.63299	-1.93639
-9.60208	-12.6753
-7.11128	-20.5697
-1.9448	-14.8112
-1.67493	-15.7898
-3.53975	-17.0043
-6.71029	-18.4677
-6.83656	-19.8056
-8.82524	-16.0502
-9.8831	-12.0679
-8.37444	-11.1411
-5.67548	-13.036
0.683795	-20.6203
4.7604	-26.8055
4.09807	-24.8394
7.43825	-27.2563
10.5383	-27.5956
11.8319	-27.4512
8.03336	-23.257
-6.86048	-10.5642
-0.787641	-15.2725
-2.78945	-12.5723
-1.9373	-12.4603
-1.54695	-12.3927
-2.88124	-12.8836
-2.51229	-12.6422
-3.12829	-14.2491
4.80871	-4.34566
-8.68376	-1.37345
-13.3289	-3.93197
-14.0195	0.185492
-6.89867	-2.8673
-8.41796	-4.53856
-6.46894	-8.95629
-6.55792	-8.71805
-8.31519	-18.748
-4.85972	-17.6187
6.01782	-10.7445
-0.563567	-24.0141
-1.84299	-22.758
0.595299	-25.7307
-1.58319	-23.821
-1.74275	-22.464
-4.57777	-19.28
-5.44422	-17.9259
-6.91768	-17.2661
-7.85335	-15.4106
-6.41719	-15.9282
-5.1201	-16.8412
-5.02583	-16.0122
-7.18852	-13.1599
-8.89137	-10.9421
-12.61	-5.53978
-13.8128	-7.42591
-10.7819	-13.5004
-0.803929	-26.3837
4.41687	-22.8219
2.98903	-22.2745
-7.20501	-14.7473
-8.87981	-11.7306
-4.15419	-11.4735
-8.92589	-10.0603
-10.9859	-13.3208
-6.142	-17.1144
-3.80998	-18.5838
-7.81113	-16.4164
-4.17526	-14.5715
-3.9777	-16.5221
-3.27746	-19.5345
5.39888	-21.8437
3.94239	-21.461
-1.58375	-21.2388
2.29549	-19.8567
9.82863	-17.1223
0.976438	-20.2854
5.72476	-26.1228
0.277721	-21.6322
-0.0320742	-29.0844
-3.13519	-23.96
-3.99373	-28.9417
-6.37853	-25.9183
-6.54985	-28.3458
-4.73493	-28.5329
-6.67223	-28.1055
-8.04003	-25.9652
-4.00071	-27.3258
-3.20564	-30.3229
-2.17105	-29.0054
-1.60769	-25.9979
0.371107	-25.1259
-0.370469	-27.6331
1.38362	-18.4491
3.92711	-17.3623
6.72126	-17.7952
8.44752	-14.1844
15.5948	-7.27524
8.58848	-14.1717
9.39909	-3.12363
4.25701	-5.85625
4.45203	-2.99408
2.45798	-5.51829
4.07228	-4.85588
2.51701	-4.4318
3.03715	-8.15895
-2.25189	-6.42498
4.9951	-7.22243
2.76315	-7.51055
5.95236	0.609211
1.81615	-8.16284
0.329997	-1.10543
3.36467	-5.16077
3.15874	-2.87141
3.60992	-1.67838
3.82255	-5.73623
2.44964	-3.17295
4.64527	3.44365
2.36416	-7.17361
1.90201	0.00112479
2.50099	-7.35148
6.16697	-3.75611
-2.11759	-21.5317
-6.67313	-35.5029
-0.360419	-24.1678
7.84506	-20.8295
0.865872	-22.7243
-5.89467	-26.9768
-3.90964	-31.3747
-5.2625	-35.1484
-3.0318	-30.6359
-4.47971	-13.1711
1.41804	-8.15951
-3.68397	-5.48084
-11.065	-4.10749
-12.8717	-7.80731
-8.89266	-5.5438
-11.8164	-4.43998
-6.62901	-12.5269
1.21885	-9.01826
-3.37328	-13.7328
-5.21863	-18.0715
-6.21342	-18.8817
-4.37686	-18.9243
-4.20017	-18.4422
0.586475	-24.2423
1.78892	-26.6472
1.62703	-28.8971
1.76692	-25.3432
-2.97772	-18.8536
-2.52833	-16.8922
-2.35429	-18.6053
-4.51028	-16.2612
-2.05686	-16.4398
-5.47011	-14.3047
-4.78288	-13.9238
-1.61732	-19.549
-2.88445	-16.5511
0.748785	-22.114
1.69456	-32.6718
6.91462	-32.52
9.70083	-34.0513
8.05622	-35.9077
3.85691	-30.9856
-0.919808	-28.5825
-4.13112	-24.0352
-7.72846	-21.7851
-10.1708	-18.6083
-12.9368	-16.4111
-13.1263	-14.5943
-14.1997	-11.9039
-11.917	-9.96492
-9.76652	-6.28032
-4.42564	-9.41183
1.7819	-16.7614
0.334114	-16.0109
2.2766	-3.94113
0.569189	-8.05194
-3.20232	-18.6732
-5.39366	-15.3404
-9.0908	-15.377
-7.70275	-17.5217
-6.65315	-19.6968
-6.01763	-21.9017
-6.31788	-24.8522
-4.14857	-28.4893
-2.57381	-29.6799
1.23298	-26.0017
-1.26428	-26.1815
-2.72538	-26.7499
-5.97162	-24.0379
-3.55495	-28.8946
-2.35915	-26.3373
-2.88163	-17.7291
-0.113872	-16.8304
9.03478	-12.735
4.78093	-4.9599
-1.32694	-19.5615
2.64978	-12.8271
0.830059	-15.148
4.58814	-27.8542
-1.7053	-31.4517
-6.26489	-27.2368
-2.98386	-25.1526
-0.8544	-23.087
1.81588	-19.1768
1.90073	-27.844
4.15781	-25.6299
6.05687	-26.592
7.66556	-24.7961
9.43842	-25.0909
8.81237	-25.2041
10.1122	-25.9892
9.50262	-23.8673
3.56905	-16.7769
-0.877474	-16.0546
-1.16846	-15.0022
-0.431026	-21.1069
-0.865579	-22.082
-2.02929	-24.5835
-5.44224	-26.2577
-5.48787	-29.6135
-6.83331	-31.3262
-8.10114	-33.4947
-3.65757	-34.9703
-3.89353	-32.4598
-3.69025	-30.1419
-5.13422	-28.3526
-5.85683	-29.6242
-7.80049	-32.4467
-6.85049	-31.9114
-7.04853	-32.9068
-7.49523	-33.4656
-5.85359	-34.9329
-3.75042	-35.3392
-3.74224	-31.6345
-3.18608	-28.1073
-2.12396	-27.0561
-1.01777	-23.9448
-1.85217	-18.7247
4.83015	-17.7736
10.1416	-19.6088
7.09901	-12.9825
4.13525	-8.85839
5.84921	-13.3501
4.20439	-12.7163
9.88765	-17.4734
2.17445	-14.2226
9.34409	-16.3419
7.08162	-11.6553
7.92908	-4.03969
6.12315	-14.5768
7.51282	-11.0423
4.36679	-9.6778
-1.71625	-7.81269
-0.653997	-5.34731
0.100182	-16.3048
3.44457	-10.8472
-8.80116	-8.65376
-12.7396	-9.10411
-8.42407	-13.7058
-6.08645	-16.2728
-8.76618	-14.5451
-7.93149	-18.3996
-6.2355	-22.5449
-5.11742	-21.2917
-1.42536	-12.2523
-6.8458	-9.88326
-8.47172	-9.95341
-4.5475	-10.213
-4.4118	-16.4093
-5.7631	-12.0816
-6.99558	-10.492
-20.4112	-3.82812
-17.3052	6.25745
-17.815	-3.70458
-11.9012	-10.7737
-5.68162	-8.74142
-8.48665	-13.2047
-6.30805	-15.0282
-4.35887	-12.38
2.45899	-3.70661
2.04411	-1.28572
4.29491	-7.82226
0.971693	-1.81915
4.06845	7.65775
0.14815	-7.30322
-14.6005	-16.2219
-18.9683	-14.1278
-16.2887	-14.9514
-13.7728	-14.2719
-14.4883	-10.2156
-7.80065	-17.994
-6.59266	-9.7947
-7.81227	-1.6953
-11.4283	-6.67213
-16.2781	-0.629435
-16.1457	-5.06625
-19.3568	-5.84879
-13.5075	-8.05348
-17.2385	-9.99264
-17.91	-10.0617
-8.12563	-15.4008
3.8895	-20.8013
1.48472	-32.1631
-2.68179	-31.5557
-2.96764	-31.1877
-4.1125	-32.5548
-2.21041	-34.9571
1.67457	-36.054
3.47187	-38.1475
6.11156	-34.9432
9.22687	-27.5329
2.71035	-16.234
4.81123	-11.4336
4.83658	-14.9144
0.715983	-8.36123
3.31636	-9.50161
4.83747	-16.4769
7.06086	-13.2763
9.75485	-17.1951
3.61911	-14.2909
3.64972	-24.2963
8.45991	-30.5584
5.00675	-24.7655
4.68043	-22.7439
1.74293	-20.6581
0.378772	-20.6155
-0.664241	-20.2023
-3.14849	-20.6939
-8.82196	-12.654
-2.60877	-10.5333
-10.0473	-6.91156
-7.79715	-13.372
-10.1742	-7.06364
-5.02016	-4.35314
-3.82898	-10.4907
-1.62069	-11.0838
-6.57127	-15.1319
-8.45973	-15.1687
-6.94278	-8.83127
2.8823	-6.00097
1.1134	-11.1409
5.98683	-7.98755
-2.73483	-1.55009
-9.23378	-8.79745
-9.61476	-8.25485
-11.6045	-1.61166
-4.76235	-5.15646
-14.9147	2.80114
-14.5796	-0.0783682
-14.3635	1.82356
-15.9175	-3.63556
-15.2966	-2.04432
-19.9603	-4.18087
-16.6406	-3.64973
-18.8408	-2.26378
-19.0297	0.859535
-12.7636	-0.922783
-16.6165	-0.652369
-12.9857	-5.67201
-2.63247	-1.49614
-6.14378	-3.63147
1.75359	0.492744
4.32095	-4.11939
4.14392	-3.16819
0.892551	-4.91436
4.49638	1.60774
4.54701	-14.1578
4.91868	-10.1902
1.25476	-10.831
-0.664625	1.12992
3.05363	-1.28664
3.03585	-3.78594
1.58887	-4.55674
6.37715	-0.250318
3.55692	-2.13085
2.50645	-0.0556274
3.60931	-2.57275
5.64634	-1.96801
3.73927	-3.90044
7.61722	-4.0938
10.2351	4.9293
-0.475904	-2.64907
4.15657	-1.27586
-0.844986	-2.20218
2.82397	-5.74013
6.56317	-5.06438
-4.04474	-15.4353
7.14378	-3.35574
3.12107	-2.54132
-14.5794	-16.5381
-2.85645	-10.9324
-11.9538	-22.1861
-12.2188	-25.6957
-6.47105	-20.2891
-3.97948	-16.2895
5.26197	-5.33123
-16.3544	-18.5129
-16.4115	-22.8805
-13.3747	-28.7352
-16.7203	-23.3392
-10.4964	-30.2849
-11.9878	-26.0122
-10.7305	-25.1462
-6.75136	-25.1208
-3.50862	-26.2327
-8.41901	-13.3198
8.00708	-16.0077
4.94518	-7.15788
4.58866	-8.61674
3.12454	-16.8624
7.01331	-11.2073
0.780063	-9.63011
-8.68241	-17.8218
-10.9918	-16.3307
-7.09337	-16.7632
-5.86153	-33.407
-6.15417	-35.0855
-7.83476	-34.3372
-7.35629	-37.4848
-6.33012	-34.6101
-2.48404	-35.4843
-3.16433	-35.2243
-2.90359	-37.453
-5.46899	-38.1498
-6.41391	-36.2632
-11.2564	-31.5924
-18.2285	-26.5799
-19.1524	-18.6657
-7.66724	-21.2516
-1.38406	-22.1893
-3.09859	-24.3357
-6.40472	-25.829
-3.77736	-26.1179
-5.92508	-25.1359
-7.68927	-24.4163
-10.4745	-35.9226
-7.76776	-36.5581
-5.02641	-32.808
0.621423	-28.8411
1.30109	-24.0319
-0.219907	-27.6751
-5.01881	-25.7376
-6.95836	-25.169
-8.61892	-20.286
-12.5689	-17.5877
-11.5663	-23.5232
-5.90744	-31.6238
-1.21611	-21.5525
-3.59269	-7.94674
-1.72806	-10.0062
-5.0487	-15.6539
-10.6454	-11.5254
-7.5095	-6.21302
-10.2599	-15.6907
-9.29006	-22.7164
-5.50601	-18.9045
1.69837	-14.5168
-3.08562	-16.1967
-9.03041	-15.9878
-11.3778	-12.8314
-7.62735	-17.4672
-6.39609	-20.3151
-3.87361	-20.7725
-4.10813	-16.6994
2.05172	-12.301
-1.18451	-15.0258
4.4803	-23.0421
3.29097	-22.4396
2.47059	-25.3762
6.84032	-29.0479
8.24245	-31.2196
7.99493	-28.4532
7.73438	-27.7757
12.1768	-26.9579
13.5771	-27.5376
11.6611	-28.1681
6.03364	-21.3742
0.372687	-27.0731
0.623344	-32.668
-0.0558665	-34.2523
-2.53727	-31.9333
-3.40182	-30.3801
1.10644	-22.8486
0.54197	-23.3464
2.57268	-25.5647
-0.327524	-18.5372
0.169759	-15.5219
-2.28795	-15.1826
1.80474	-11.6331
-7.84439	-9.6249
-5.21442	-4.42226
-7.31564	1.81748
-4.70027	-5.90909
0.0731785	4.42281
0.33636	-3.45204
8.68226	-1.52346
-0.924584	-22.4922
-4.57059	-11.6683
-9.51966	-12.8786
-11.2347	-13.4726
-9.57211	-16.1642
-9.75081	-16.9509
-7.97409	-20.8325
-10.373	-21.5643
-10.8987	-22.1124
-10.057	-21.4434
-8.8133	-21.2326
-7.32346	-22.397
-5.72034	-22.2698
-6.94758	-21.1845
-6.33981	-22.1586
-3.51205	-24.2191
-1.90625	-22.2116
-7.68803	-13.1407
-12.835	-11.4973
-11.8279	-8.8143
-6.91703	4.94109
-10.7091	3.16733
-16.7248	-1.4895
-18.4181	0.702332
-7.15133	-4.20775
-4.19871	-1.49616
-0.711774	-11.7482
-3.08884	-8.18298
-3.56467	0.686394
3.36487	1.07312
-7.64262	-9.07571
-11.1855	-2.13158
-4.59798	-6.93383
-6.70042	-9.86328
-3.21004	-14.4509
9.38365	-18.0745
10.4474	-19.274
9.74379	-19.4868
9.77472	-17.0616
11.4876	-15.9975
9.99675	-16.369
4.65601	-13.5937
2.24019	-12.5439
5.14683	-12.2585
6.91912	-15.733
10.2079	0.0999233
4.30526	-6.60214
-1.51774	-10.3405
-6.71565	-15.9031
-11.5242	-20.4911
-6.36726	-16.9588
8.25316	-19.3565
-3.93707	-24.2732
-1.03481	-18.6987
-2.49645	-19.0044
-4.15704	-22.5948
-5.17026	-23.3402
-2.39926	-25.0277
-0.524622	-24.7841
0.430163	-25.5541
0.447846	-27.8975
-0.519184	-26.1235
0.277808	-25.3268
0.920004	-27.6637
0.135622	-25.4526
2.19475	-23.9206
6.69375	-15.8197
3.5365	-16.6736
2.40047	-15.0145
6.19659	-17.8103
2.78113	-14.8774
6.12045	-14.8852
5.51738	-19.3276
1.20878	-15.6596
-5.41643	-21.5365
-12.1766	-15.5571
-13.7112	-14.3194
-8.97663	-19.7333
-9.34814	-12.5129
-12.3824	-16.2232
-9.32442	-19.6935
-4.39948	-14.4501
-4.28169	-15.9205
-6.35035	-9.49491
-7.99472	-11.7577
-13.0612	-16.7718
-13.1196	-15.892
-19.1578	-10.4212
-15.1319	-7.46426
-8.45875	-11.2169
-10.5469	-16.3749
-6.23299	-13.3976
-1.97743	-7.9526
-10.247	-20.3587
-10.5905	-19.9528
-14.0242	-9.7626
-10.1868	-11.6698
-3.6817	-9.51945
-6.23534	-6.42446
1.60029	-5.05797
-4.56675	-10.3025
2.00223	-8.13398
-10.1775	-7.71662
-1.38843	-11.5947
-3.2349	-10.8935
4.851	-5.02852
2.99023	-7.68429
0.942671	-6.79827
1.55202	-7.58722
-0.0487424	-18.0382
5.22677	-4.0068
4.09837	-6.23733
-1.61482	-5.0957
3.64919	-6.03213
-2.99202	-6.19267
0.812826	-6.56854
3.98997	-3.39882
0.327578	-1.52542
6.70537	-3.10874
4.73573	-1.37822
6.64152	-0.0409097
2.77303	-0.512527
-4.33538	-2.98166
-4.52295	-8.68404
-10.9221	-9.61654
-5.43352	-1.47942
-9.07239	-2.19232
-13.7877	-7.33973
-11.8969	-12.4068
-5.98746	-15.4614
0.486022	-25.7023
2.59716	-31.347
3.37736	-35.6244
2.32466	-35.0438
3.48735	-35.1967
4.75688	-32.7517
2.71497	-27.8273
0.709834	-18.7838
-2.24228	-14.2709
-2.9467	-6.87682
-4.28866	-2.78032
-12.5364	-10.2881
-10.7347	-8.89342
-12.3112	-16.1422
-15.9481	-10.2588
-6.74955	-7.81614
-3.44796	-16.827
-8.52925	-11.0358
7.33832	-13.8471
-2.85469	-24.159
-2.23739	-22.151
-1.98489	-18.359
-1.21572	-16.7459
-4.02625	-13.2828
-3.90821	-13.5866
-3.83018	-11.6089
-3.28914	-9.96901
-1.10243	-11.9822
-0.804143	-14.4136
-0.109357	-16.0347
0.609834	-18.3855
2.04824	-19.0689
0.152203	-22.8837
-0.163242	-25.186
-1.53484	-26.453
-1.42153	-26.1302
1.9956	-25.7936
1.01428	-22.6779
-0.449889	-22.5
-5.44198	-22.942
-1.43309	-21.9821
-4.16864	-25.3709
-4.16063	-22.0698
-5.55726	-14.948
-3.88803	-19.8548
0.456946	-28.1683
6.44868	-18.1575
-15.2888	-8.1502
-9.5336	-0.838233
-10.9309	-2.72167
-14.7185	-3.81751
-20.5539	-5.38483
-16.1388	1.62244
-16.9335	-9.64133
-13.3741	-10.6843
-5.15537	0.591068
-3.01494	-9.07362
-4.91886	-31.574
-3.49785	-16.9688
2.74593	-4.89798
-2.91077	-6.2496
2.83799	-3.34639
3.36755	-4.58326
8.81032	-12.7452
4.66332	-4.38314
3.70568	-3.57813
-2.40777	-6.80764
5.41194	-11.3489
6.41666	-13.0351
-8.02593	-12.8696
-10.8942	-21.6918
-8.73553	-25.4093
-9.52187	-23.8712
-8.66579	-24.425
-3.26925	-21.8622
6.02976	-21.1035
4.56867	-19.694
6.34298	-17.7608
6.05406	-16.3294
6.45817	-18.3561
5.98879	-16.9639
9.04437	-15.076
9.60211	-16.3734
9.62608	-16.4063
12.3475	-20.3347
8.79561	-18.1122
11.8714	-20.7166
13.9236	-23.8472
12.8175	-23.4242
4.43742	-16.4474
-0.562873	-22.2787
-1.09215	-25.102
-1.61269	-26.1907
-3.26629	-26.5663
-3.33056	-27.9553
-4.31097	-29.0108
-4.67866	-30.0197
-3.8946	-30.8032
-4.16476	-29.9924
-4.60728	-30.0745
-3.81976	-31.5154
-2.62133	-30.36
0.0409077	-30.6689
-2.9373	-24.5804
-7.34157	-20.7988
-5.29734	-28.1217
-2.49424	-19.4897
1.58363	-5.8368
-9.24772	-8.86515
-12.7933	-13.3831
-1.0733	-9.68274
-10.9844	-5.09061
-2.76982	-4.44514
-8.40051	-5.6453
-12.3486	-7.08408
-10.2687	-3.34403
-6.53653	-5.99926
-9.53439	-6.99223
-13.18	-16.3576
2.20046	-10.4256
6.44946	-15.4957
-1.70438	-13.1105
2.06941	-10.1689
-0.432197	-8.07813
-2.00502	-7.51516
-0.91454	-5.50445
-0.208218	-2.6923
5.076	-2.53442
1.53093	-15.335
5.30442	-33.1246
9.48325	-8.69839
11.6638	-10.2795
-1.04986	-24.2913
1.8181	-29.0334
-0.0175574	-19.1666
-7.88985	-10.3264
-11.6881	-9.79087
-12.0489	-15.5659
-8.47959	-18.0517
-7.50651	-17.012
-11.9972	-11.8807
-14.1485	-8.37425
-18.2491	-8.20903
-15.4832	-5.39005
-12.7054	-7.4385
-5.12803	-14.1428
-1.9774	-23.4014
-0.885235	-30.816
-2.31833	-32.4434
-2.57229	-33.6014
0.724369	-30.8198
6.65658	-22.2391
5.31387	-18.8658
3.41328	-16.3252
2.46322	-8.58332
5.35249	-16.3291
7.22676	-10.7485
6.88078	-13.9431
4.8887	-8.35725
6.68644	-12.308
2.84864	-9.41812
4.69561	-9.84645
-2.05299	-14.6206
-4.88182	-17.8714
0.613779	-26.9075
-1.28089	-32.151
-2.11348	-35.1442
-3.23261	-33.4763
-5.52954	-32.3163
-5.20026	-31.6941
-3.66104	-31.1737
-3.50631	-30.2006
-5.25511	-27.7806
-4.96339	-28.1915
-5.70322	-26.9248
-4.46575	-28.9575
-5.0277	-28.0376
-6.20562	-30.3015
-6.14574	-32.8793
-5.29865	-31.5794
-4.82525	-28.6734
-5.74572	-25.9386
-5.04999	-21.2399
-4.43645	-19.4693
-1.67142	-20.2112
-7.27971	-14.8716
-4.06742	-13.596
-2.22068	-14.6646
3.06749	-11.6265
-0.21514	-11.9644
1.42879	-10.7391
5.07774	-5.67872
-5.23662	-11.834
-6.90779	-10.3397
-6.62197	-19.1144
-2.21111	-7.91625
-1.73774	-4.03158
-2.83468	-9.72256
-6.91963	-4.9539
-2.66587	-7.23025
-6.54548	-7.48125
-9.30883	-6.77152
-10.2918	-13.0019
-13.8893	-20.3259
-6.62973	-3.97967
-5.23911	-5.32283
-6.2878	0.932104
-2.34704	8.86718
-3.32554	6.13099
-1.5073	-2.91163
-0.530962	-3.38251
0.98456	-3.31421
3.634	-3.4939
0.663299	-2.55239
-1.29649	-7.02855
-0.143034	-7.07573
1.72229	-6.04187
1.67646	-9.35841
9.55601	-8.8735
4.66997	-14.2022
0.968488	-10.3735
-0.404915	-18.2575
-1.91153	-12.0234
-1.53397	-21.7688
-6.90147	-25.2225
0.475616	-21.7489
2.02985	-25.4912
0.102096	-31.6825
-0.00151633	-34.7077
-2.88344	-33.0764
-2.23207	-33.8211
-2.84532	-32.9629
-4.12597	-33.8674
-5.42935	-36.4014
-8.66715	-36.1514
-9.64133	-33.0885
-9.74724	-31.9945
-9.23986	-33.4866
-8.54471	-33.7991
-5.99506	-33.3034
-3.53525	-32.2926
-2.58784	-33.0036
-3.65761	-30.0808
-1.70252	-27.1311
-0.660798	-28.2524
-3.92605	-25.531
-2.56301	-26.5678
-3.74658	-26.4255
-5.06645	-25.6472
-5.29892	-30.5384
-3.9964	-25.5638
-2.44473	-28.0937
0.503737	-28.3184
0.117083	-26.0239
-0.392319	-19.7118
0.423476	-17.7888
-0.744985	-18.8541
-1.42219	-20.7853
-1.98501	-19.1357
-1.66636	-18.0508
-1.85635	-16.4885
-2.24328	-16.1953
-0.403006	-16.8234
0.687101	-17.7501
7.87563	-24.0398
2.09422	-27.3104
-0.890673	-20.002
-1.3733	-22.1764
-4.23789	-20.6588
-4.26921	-15.5281
3.36184	-16.4969
0.308019	-7.02551
-11.1074	-8.46379
-6.10827	2.27139
-8.72991	-4.02999
-9.56908	-11.6067
-11.3783	-10.9959
-10.2427	-7.58959
-12.9642	-9.41655
2.04611	-10.3711
2.91583	-10.9091
-2.24493	-15.3434
-7.43531	-14.4758
-9.26519	-10.6953
-8.25071	-13.052
-8.77269	-13.2029
-8.76434	-11.5292
-10.1435	-11.8354
-10.2832	-12.1767
-12.0017	-12.5902
-13.6961	-12.5721
-10.4518	-14.3703
-1.73715	-3.51313
1.94379	-5.12611
-0.267394	-2.12019
-7.20732	-4.74316
-9.88869	-14.4981
-7.77002	-9.31392
-1.93666	-8.26149
-12.6971	-11.9321
-15.5154	-9.22896
-13.0743	-14.4145
-12.2487	-15.8111
-13.093	-14.5877
-11.4552	-16.984
-9.69695	-19.4182
-5.71143	-18.3348
1.97126	-10.4673
-1.4612	-13.4644
-1.64566	-9.87977
0.544827	-12.9968
-7.59579	-6.07633
-1.22735	-0.174649
-5.80156	8.74226
-8.43835	4.36563
-8.9567	4.22305
-10.1284	-6.61017
-5.17458	-9.08911
-1.79594	-14.153
-3.01641	-16.1817
-5.40471	-15.9464
-7.68757	-16.9671
-4.17054	-23.3832
2.62083	-27.3855
4.5637	-22.4811
1.80605	-23.5857
-0.645595	-22.7387
-3.63547	-18.8037
-7.71967	-12.5493
-9.68918	-7.70517
-5.71715	-10.2614
-8.22223	-7.67307
-7.03847	-9.63857
-5.58796	-11.4723
3.92227	-26.9667
4.07364	-27.808
2.39543	-26.919
4.35054	-26.0114
-2.34618	-23.6111
-0.376023	-15.8625
1.85844	-14.2683
4.16299	-9.59391
-7.42081	-7.99574
-12.127	-20.0109
-9.75516	-17.1642
-1.1005	-6.29047
-8.70756	-10.06
-11.849	-13.8882
-13.5735	-13.4586
-13.7015	-13.8315
-14.1311	-13.17
-13.7411	-10.5883
-6.03033	0.0993097
5.31613	-12.1459
4.00461	-7.50505
2.01079	-10.0503
-3.90969	-21.4876
-6.98653	-13.3461
-8.37556	-18.2181
-4.20133	-17.3214
2.84307	4.2432
-12.2664	-13.7471
-12.3601	-10.4187
-11.8888	-9.98111
-13.3015	-8.86526
-12.818	-11.3989
-8.844	-15.8169
-7.12407	-16.7169
-6.59266	-16.8969
-5.23578	-17.4248
-1.6544	-17.3064
-2.37405	-17.7084
2.17679	-18.3669
2.65339	-15.3247
2.14755	-13.952
3.79243	-13.74
3.58467	-11.414
4.53279	-5.60796
-1.85564	-9.08944
-13.3396	-27.498
-2.27611	-27.8003
0.00343333	-29.26
-0.233619	-25.6377
-4.39119	-28.5813
-3.31886	-31.2456
-2.08744	-30.7015
-1.37726	-33.4235
-4.86378	-26.8726
-3.61323	-27.302
-4.56884	-29.7264
-3.47397	-32.9423
-3.30753	-34.0624
-4.17442	-33.8343
-6.53964	-30.4315
-4.63741	-30.8618
-7.00972	-32.6769
-4.37881	-25.3085
-6.45911	-14.5488
-2.47968	-13.1357
-1.93293	-6.36742
1.2014	-5.0038
0.563602	-2.23988
-0.56994	2.72707
-2.84868	8.12202
3.32961	8.03746
1.18313	2.57808
-1.17494	4.65922
-7.87175	1.76006
-2.31962	0.982367
-5.16643	-3.14579
0.309333	-4.23918
1.63562	-0.479971
5.01146	-10.9451
1.40324	-2.24212
5.86409	-1.3773
0.263859	-2.6072
-1.6928	-8.07024
-3.09293	-8.2943
4.73963	-1.04109
3.76183	-5.30295
-0.360967	-6.37934
0.253611	-7.10048
5.19866	-11.3823
4.71419	-5.02134
-0.698397	-6.72369
1.45555	-4.26804
3.53776	-6.32584
-6.63495	-3.1979
1.59119	-4.62565
0.606104	-1.75465
3.86192	-4.47722
0.51909	-8.13846
4.48673	-6.02893
1.25223	-5.42606
0.0306804	-4.53616
-8.85751	-18.5235
-7.23948	-16.3185
-4.02851	-21.6462
-1.09843	-22.6065
-8.06695	-18.9458
-9.40585	-17.905
-6.92674	-19.0723
-10.0675	-17.5476
-11.5973	-14.2711
-12.0554	-13.7374
-10.6754	-15.887
-10.8889	-15.1637
-7.42011	-14.0107
-8.18039	-15.0129
-4.82688	-1.60174
-19.032	-4.31116
-12.1826	0.737269
-14.2523	-8.75077
-14.4476	-8.73562
-12.2105	-12.3276
-10.8968	-11.469
-7.28188	-9.6118
-10.064	-13.3755
-11.7373	-13.8136
-13.0895	-16.0232
-9.67738	-18.9325
-6.71259	-20.7839
-3.56988	-18.8009
-5.5749	-10.9909
-5.97737	-12.7462
-7.74411	-13.4949
-10.0917	-11.6584
-11.6734	-11.1142
-10.3724	-9.57605
2.17944	-11.381
-0.931255	-16.66
-2.89276	-12.012
-0.964824	-18.3572
-3.94019	-16.332
0.822055	-11.8047
1.70068	-17.9203
-4.48229	-10.0498
-7.30454	-12.3607
-7.00402	-13.2015
-6.02128	-13.3023
-3.4685	-14.9219
-3.55793	-14.4842
-0.554397	-16.0479
-2.85698	-14.41
-4.66619	-12.7217
-9.27389	-9.50525
-5.07899	-10.7514
-5.86333	-9.38259
-6.31328	-10.7066
-6.2416	-11.507
-0.102538	-20.3337
-3.9402	-16.8135
-4.50198	-16.7122
-4.2382	-15.9436
-3.1739	-16.015
-5.82614	-11.1939
-7.42805	-5.78182
-0.173931	-5.96994
-7.94439	0.396706
-4.76943	-2.94239
-5.69692	-3.43282
-5.29681	-6.06324
-5.38061	-11.4209
2.85585	0.174576
-5.84969	-13.7603
-10.0912	-7.07617
-13.0932	-11.4102
-12.289	-13.4297
-6.77086	-16.5163
-2.64292	-11.9963
-7.99436	-6.02265
-8.14239	-4.05119
-10.4205	-7.16063
-10.0053	-1.36446
3.6776	-6.73602
3.67939	-7.49561
3.42875	-14.6556
3.26708	-10.6705
-1.2251	-5.53712
2.66229	-13.6413
1.41909	-12.8982
-13.0678	-16.963
1.09031	-24.2315
-2.9679	-20.9844
-0.177305	-27.415
-2.88947	-28.0574
-1.45973	-31.4807
-2.0611	-32.149
-0.690779	-33.6529
-0.487044	-35.5958
-1.56548	-33.5874
2.01364	-30.7648
0.85028	-24.0464
9.62673	-12.1185
6.20863	-22.2253
-1.8156	-24.0565
-6.80504	-19.6442
-3.7682	-12.0021
-6.06479	-7.8354
-5.88578	-7.61137
-4.84361	-12.7327
-7.1635	-7.57753
-0.335318	-24.201
-7.65687	-19.5414
-8.9504	-18.7014
-11.0235	-17.7008
-9.01507	-18.4463
-9.18112	-18.8884
-10.6227	-15.8242
-10.7993	-15.018
-11.1464	-12.5598
-11.0915	-12.0098
-0.369494	-6.6596
7.05123	-8.38508
-3.05765	-15.0522
-4.34567	-12.077
-4.48637	-11.7512
-7.56847	-9.57633
-7.15856	-15.6569
-8.03619	-17.8363
-1.84121	-15.0498
-5.22776	-13.7943
4.24041	-28.4943
13.9084	-26.4296
4.06815	-24.3455
9.70217	-26.6203
1.63757	-28.1994
-0.544798	-27.3967
-3.59201	-24.7486
0.30126	-28.9648
0.0906895	-29.7725
1.75386	-29.4513
3.93972	-29.7451
3.88133	-29.7164
5.52711	-30.0815
4.15031	-25.3343
6.58931	-21.6744
9.20106	-17.8898
9.09288	-19.6954
5.25128	-17.9249
5.57577	-16.8783
5.38501	-16.7619
4.60296	-15.4902
5.1807	-18.9535
1.26165	-24.4075
-6.82041	-25.9657
-8.94133	-24.3334
-10.8451	-22.9967
-16.1245	-17.3866
-9.31588	-21.7871
-9.41224	-25.2775
-6.94037	-24.1866
-6.7637	-22.3353
-2.4365	-19.7714
5.45412	-12.2707
-3.81845	-6.54895
-3.30227	-1.91276
-12.985	-4.46551
-12.5597	-5.66589
-10.0833	0.895929
-16.3889	-0.972485
-21.727	-4.58232
-10.7759	-5.96966
-13.3696	2.27275
-13.4047	-0.0298553
-16.8264	-2.1305
-10.8392	-7.37103
-8.9486	-9.42412
-9.41684	-13.9713
-12.2314	-2.55494
-11.5924	-2.13219
-10.4478	-7.64854
-6.2238	-2.37806
-7.2528	-7.02983
-5.87849	-1.76391
-2.94898	-0.74989
0.0427166	-5.9453
3.49746	-3.67719
-4.61211	-7.64886
0.608701	-7.60162
0.645167	-8.23331
5.4404	1.43683
-5.84416	-17.4761
-1.89586	-18.0928
1.77295	-17.6838
5.52008	-16.5893
6.45314	-21.9564
8.26433	-24.2442
8.64092	-24.1657
4.87896	-21.6308
1.07479	-18.6647
-2.4151	-12.9807
-2.07909	-15.0432
0.774888	-3.55625
2.64434	-3.95538
-7.32145	-14.8174
-14.3816	-9.27678
-15.6005	-5.44171
-10.6648	-9.69661
-7.36877	-13.2633
-7.35416	-14.9741
-11.1857	-13.796
-5.96647	-19.126
-6.96813	-19.104
-6.35183	-15.9284
-2.91835	-15.5614
2.84353	-18.6021
8.97078	-24.6342
9.43154	-23.7395
8.06113	-23.4946
8.94328	-21.7841
1.58146	-18.5551
-3.90661	-18.3761
-10.3654	-11.365
-9.7102	-12.4146
-12.8596	-11.9692
-14.5007	-12.7274
-16.113	-11.3876
-18.1797	-12.9056
-21.0598	-12.7713
-22.7044	-13.3322
-23.6995	-13.1787
-23.5149	-12.2651
-22.8309	-12.2764
-23.3913	-10.0236
-22.396	-10.67
-18.7612	-10.3052
-18.1598	-7.53022
-15.783	-8.39307
-16.3978	-7.14138
-15.4783	-10.4701
-16.0857	-10.3298
-17.1489	-9.60397
-16.6575	-7.14132
-14.2381	-6.77345
-13.5527	-6.65365
-11.4138	-5.83176
-10.2446	-7.08367
-10.6905	-7.01721
-2.93085	-14.4685
4.45586	-16.1895
7.31755	-22.8563
8.65551	-21.1575
7.41807	-26.6075
6.16822	-25.8996
4.96855	-23.6513
3.20471	-23.6741
2.84433	-25.1169
0.891954	-23.0317
2.11987	-18.9382
6.02475	-10.924
2.1965	-10.5038
-4.37501	-11.1733
-2.14679	-19.5835
-9.43363	-16.479
-11.4392	-6.37252
-9.32369	-13.8332
-13.2739	-16.5848
-10.7779	-12.5062
-8.24339	-19.7967
-7.22842	-19.9081
-9.18171	-16.8176
-6.2896	-15.4812
-3.71077	-15.6091
-5.38503	-14.1823
-0.996751	-14.114
8.24897	-26.7355
7.90549	-23.1173
10.4452	-23.4767
10.7882	-21.3329
7.38107	-18.7268
-5.66354	-8.15954
-0.292237	-13.2639
2.17061	-18.7003
-0.888278	-20.3786
-1.69314	-21.8612
0.420803	-24.6907
0.526791	-23.2304
-0.773992	-21.7492
1.00909	-11.0145
3.47845	-10.7262
3.05875	-7.57411
-0.193048	-19.4774
-3.55627	-28.6744
1.85964	-12.5264
2.74175	-33.7528
-1.81394	-35.2148
-2.46226	-30.0632
4.42588	-35.5596
8.84135	-31.6466
6.95733	-21.8494
4.36466	-17.6531
6.83703	-10.2308
8.78719	-14.0445
3.81175	-8.70834
2.26552	-7.34235
-0.910819	-7.92623
2.60477	-15.9109
5.93977	-13.2233
1.93687	-7.50447
5.08724	-5.88295
-2.86903	-0.282207
-10.7051	-0.526629
-5.64212	-4.52804
-2.75179	-11.9074
8.34322	-14.3889
1.6116	-33.0148
4.19494	-35.7939
1.65727	-32.1156
-1.25562	-25.8355
-11.899	-20.7106
-12.5808	-18.5984
-9.11647	-17.6211
-15.5115	-11.668
-7.34578	-14.264
-15.6595	-13.2109
-14.5258	-14.4673
-16.9259	-7.57099
-11.6687	-12.3875
-8.84479	-10.9446
-3.16547	-8.83702
0.500401	-6.30038
-0.574277	-8.18436
-6.80459	-13.5012
-2.14891	-7.57122
-0.642746	-15.688
0.800737	-6.09586
2.23344	-6.60068
3.36318	-2.1689
0.935695	-5.18569
3.54492	3.51064
-13.8013	-5.64269
-8.99164	-2.36933
-9.73245	-2.50628
-5.0854	0.0614784
-6.71131	-9.81635
0.541993	-11.3424
0.953355	-9.82294
0.948258	-3.56695
2.60422	-7.32227
2.96904	-3.62752
6.57006e-05	-0.531932
-3.64	-8.22543
5.33634	-7.336
4.73932	-6.95611
2.69619	-3.33627
-1.28365	-7.1741
3.5628	-6.31581
3.23388	-4.1823
4.15964	4.97696
5.318	-6.21848
5.46646	-8.68372
-0.53022	-6.78483
1.75752	-1.28766
-1.13845	-11.3141
5.33707	-1.08476
-3.85749	-25.4968
-0.575967	-29.1206
1.34874	-30.6046
0.396828	-25.4936
-1.97327	-22.5842
-4.15215	-20.9458
-8.56347	-16.8519
-10.7365	-14.7565
-13.0192	-12.7252
-16.4559	-12.4914
-18.601	-11.9546
-19.4681	-12.3431
-16.6474	-13.5509
-18.373	-8.53698
-15.4258	-8.29203
-14.8803	-5.09672
-10.8975	-5.82108
-10.465	-6.09585
-9.14811	-3.97439
-9.04193	-4.93495
-4.94008	-6.28522
-2.66978	-11.7499
0.490179	-16.9969
2.24724	-25.551
0.850712	-32.2735
-1.61827	-35.4735
-3.10484	-37.8326
-4.91549	-35.7164
-5.40361	-35.674
-5.40409	-35.5863
-4.10827	-36.0715
-1.59422	-35.6079
1.15334	-33.9147
5.89839	-34.7905
9.65504	-32.8023
9.32089	-26.1562
6.61121	-22.9807
0.347687	-17.176
1.06664	-20.9195
2.36479	-24.906
2.72644	-29.7013
-2.45027	-26.9505
0.835389	-26.572
4.99696	-31.1784
3.77125	-28.0648
-0.0746817	-18.1545
-4.12961	-15.1262
-4.29245	-14.8259
-5.61678	-14.1934
-5.56753	-15.7126
-6.25515	-15.2987
-6.08285	-16.916
-7.00046	-15.6898
-6.4131	-18.1902
-7.66107	-19.7074
-8.16917	-18.8136
-9.17841	-15.8344
-12.0823	-14.9898
-10.1489	-15.5882
-4.3234	-17.648
-6.39068	-1.40935
-11.1777	-0.758966
-18.2831	-3.79397
-14.2351	-8.73942
-13.4227	-10.9961
-14.4271	-6.0947
-13.4082	-7.23184
-9.34052	-16.2665
-9.17738	-14.6236
-6.96991	-12.3677
-4.45924	-9.57125
-3.05488	-14.5106
-0.0382336	-19.085
2.75705	-23.5852
4.0276	-23.7413
2.11776	-22.0724
3.28471	-21.2608
4.31604	-19.5255
6.28415	-17.4429
0.113878	-18.1619
5.73041	-8.97765
2.98083	-7.75174
5.221	-10.0394
-2.66613	-8.05941
5.4021	-3.67811
-7.97965	-13.8271
-19.1501	-4.53496
-18.4421	-5.55371
-17.5791	-6.76487
-15.6964	-8.45547
-13.4387	-10.1929
-14.4905	-5.11233
-11.0809	-2.99098
-13.7292	-4.10274
-14.0532	0.253593
-15.3725	-3.77979
-9.48468	-8.22007
-2.39128	-10.6164
3.99694	-5.52606
2.61906	-5.27582
-4.0933	-19.0208
-3.13583	-20.2546
-7.50112	-15.9365
-3.3039	-21.0575
-1.4773	-15.8712
4.60773	-14.1692
7.2779	-11.204
4.37839	-8.58021
4.28266	-9.03019
-1.44709	-8.24407
-0.91248	-7.94746
1.70696	-6.71144
-5.71649	-10.1062
-7.63423	-22.7026
7.13032	-16.3337
0.750004	-22.0687
-2.46287	-34.1331
0.999134	-36.7664
-1.05926	-31.228
2.43849	-28.7328
7.16039	-23.4511
7.57065	-25.5115
3.38606	-24.2999
2.32114	-27.6556
2.95264	-28.582
3.38326	-25.7711
1.3482	-20.4956
0.899374	-18.2948
-5.42337	-12.0121
-8.78931	-13.0313
-8.51325	-9.82395
-3.33767	-13.3367
-10.5775	1.37787
2.54453	-8.61199
-4.57418	-6.70256
-1.66457	-4.5011
-2.0659	-3.10832
4.75538	-4.82189
-0.924246	-8.32487
-1.50395	-19.062
-3.02992	-19.1923
-3.33532	-18.2437
-5.72667	-14.127
-7.6969	-10.9338
-9.61129	-7.00375
-11.9756	-4.41189
-14.0731	-4.58368
-12.2741	-8.85042
-10.5266	-13.523
-2.1005	-11.502
-0.761492	2.09454
-1.6902	0.842161
-11.3275	2.31239
-11.8507	6.38962
-6.32545	-3.33078
-18.1688	-12.9756
-5.17532	-4.5722
-4.03241	-15.8298
-6.00918	-17.0296
6.44437	-12.5868
12.2701	-7.0065
-5.87769	-13.8935
-4.95306	-17.5984
-5.83195	-18.3541
-5.5234	-15.1236
-6.71496	-12.2175
-3.47882	-10.2165
-0.232377	-13.3463
6.68616	-16.1217
5.42201	-15.7182
5.78008	-17.9597
4.84725	-19.4188
3.4262	-18.0921
-0.278689	-15.5772
-1.51526	-13.512
-3.49786	-9.20638
-4.48965	-6.55154
-4.32147	-6.58646
-4.05048	-4.07156
-5.59734	-1.99738
-7.02738	-1.77856
-5.61084	-4.48413
-9.38434	-6.69587
-9.5054	-13.5833
-7.36089	-17.6079
-11.1604	-19.6657
-7.24461	-23.4776
-6.75204	-28.2805
-9.89883	-14.7791
-11.5131	-9.0193
-2.47216	-14.6715
-1.35416	-14.5089
-3.10632	-16.0564
4.86688	-11.3906
4.95468	-6.626
4.68335	-8.16242
7.35459	-7.70217
3.37489	-4.22821
9.33497	-1.35881
10.9435	-2.86164
-4.64801	-22.2506
-9.76581	-19.4686
-9.61479	-28.5268
-13.4916	-22.6588
-10.0994	-23.3417
-8.1793	-21.6906
-4.66821	-17.7652
8.0327	-18.8873
8.97515	-19.0221
7.91084	-19.4235
5.80696	-16.0987
4.83587	-18.1054
-2.52809	-13.9075
-4.6096	-13.5976
-5.12847	-14.5249
-6.34843	-14.0856
-8.84545	-13.3741
-10.2141	-13.4447
-3.00248	-19.9779
0.396361	-21.1463
0.122473	-14.7528
-0.242295	-5.09002
1.15394	-6.72917
5.18763	-3.03462
2.67488	-7.25333
-2.25038	-12.1568
2.51956	-20.6762
-3.28737	-26.1414
-12.9687	-11.5425
-16.8442	-4.5186
-13.6041	-10.1035
-12.7866	-12.3657
-15.1626	-12.0139
-16.2725	-10.8332
-14.6594	-14.1651
-8.40442	-17.624
-10.6739	-12.0182
-7.97436	-2.60548
-11.1386	-1.69274
-10.2907	2.85726
-6.63006	1.98494
-2.8134	-3.20129
-6.54742	-12.6203
-8.43013	-7.48261
-10.4476	-7.24122
-7.64841	-7.04726
1.82101	-3.37959
-1.42239	-6.83651
1.72208	-10.3098
3.38999	-5.245
-3.95224	-14.5205
-13.218	-9.08651
-13.1882	-12.3802
-13.8382	-10.8924
-12.6656	-13.7095
-11.6175	-15.1921
-8.06524	-19.5753
-4.36208	-14.0357
-6.54221	-16.0189
-4.3832	-19.714
-5.79333	-19.9828
-3.99729	-11.8752
1.76863	-8.64978
-0.698537	-6.94872
2.82626	-13.1007
3.3705	-11.3554
1.57054	-2.84074
1.34114	-11.6892
4.36547	-8.97005
2.9653	-7.00077
-5.37715	-16.6854
-11.2729	-11.9358
-17.1657	-11.7961
-9.41068	-15.1093
-5.79139	-16.211
-6.8694	-9.81108
2.84181	-5.43531
7.94263	-8.09868
5.44362	-8.03664
-1.63696	-11.708
-6.62774	-16.9425
-7.46163	-19.342
-1.49192	-17.9427
5.06307	-19.0011
2.69021	-32.3312
3.53557	-37.8584
1.51343	-36.2698
3.36663	-38.2346
1.91906	-36.6367
3.61476	-36.706
4.51955	-35.4306
7.15343	-33.9502
4.8451	-31.3734
1.72292	-25.7077
2.96917	-23.1937
1.55607	-20.7566
1.58805	-21.7717
1.24511	-9.1496
-0.543845	-8.44866
-2.47078	-17.8123
-6.78923	-10.0773
-10.1582	-4.23355
-5.82439	-6.54768
-0.216039	-14.9695
-8.82467	-20.5493
-10.8655	-22.8507
-12.6164	-22.2046
-13.1333	-18.3642
-8.11226	-16.8143
-7.26726	-17.066
-5.13853	-20.6427
-8.60203	-17.8472
-10.5613	-16.401
-9.842	-17.2202
-9.00243	-14.2175
-6.734	-14.6699
-6.35137	-17.3836
-4.87536	-22.8805
-6.15198	-28.6423
-9.10042	-30.9723
-11.5029	-28.4397
-10.4561	-22.7336
5.90868	-28.1403
5.76829	-25.9448
2.94784	-27.0602
3.702	-27.5889
2.68014	-30.3498
4.3617	-20.4057
0.349301	-14.7846
5.69234	-11.2958
1.09686	-17.2051
-10.7927	-14.6252
-4.90932	-18.492
0.165887	-16.3982
-3.22492	-25.4621
-7.90755	-18.6035
-8.45637	-16.716
-6.07691	-18.079
-2.58935	-23.3996
-1.31798	-24.9828
-3.77701	-17.1461
-1.22196	-23.7522
1.22152	-27.0776
-1.32434	-23.7898
-4.50062	-18.544
-4.86155	-11.2946
-4.96174	-12.4159
-4.98204	-12.0612
-6.13553	-13.6556
-9.68297	-14.4135
-11.0878	-14.7715
-10.719	-16.0477
-10.8548	-16.2452
-9.7196	-12.8499
-8.72513	-11.4808
-4.35401	-13.9964
-1.70955	-17.1907
2.92198	-19.4384
7.9458	-21.6416
7.51528	-27.0087
7.06512	-29.3239
5.9484	-28.7495
3.5623	-25.7589
-8.2435	-19.7715
-13.159	-18.0223
-17.2532	-19.0776
-16.3164	-19.0188
-17.0016	-20.211
-16.3143	-22.9002
-15.3959	-27.7794
-12.53	-32.7449
-9.50203	-33.7852
-6.41512	-32.244
-3.85012	-26.9884
-3.74241	-21.7213
-5.87736	-17.8906
-4.96147	-16.5501
-2.35077	-19.1075
-2.46085	-19.2984
-3.20501	-20.2142
-9.92177	-16.1324
-4.15018	-22.0008
-7.86018	-16.9315
-11.2897	-14.1521
-12.636	-10.3306
-12.3688	-7.95327
-14.9184	-5.35555
-15.9755	-5.17137
-15.8927	-8.69783
-14.1054	-13.0812
-9.1401	-17.107
-4.99672	-19.1903
-1.35553	-21.1202
2.74441	-21.1277
7.10815	-20.0983
7.44124	-26.7652
5.99296	-27.6009
6.84857	-28.293
6.59164	-25.73
4.82265	-23.4849
-3.55173	-16.1809
-10.0494	-11.4988
-12.069	-15.9366
-9.43045	-22.3625
-7.5014	-25.8929
-5.97298	-31.3619
-3.78466	-31.19
-2.51641	-29.233
-1.18017	-27.6484
-0.182744	-26.125
-2.10751	-19.5259
-7.39745	-11.1533
-3.84737	-14.1871
-0.246715	-8.71608
-8.44746	0.636634
-9.77443	0.246238
-9.26456	-0.251769
-8.34772	-2.94622
-11.8797	-2.21517
-11.453	-14.7232
-6.74314	-8.54883
-2.43675	-5.74771
-3.3585	-5.5938
-2.45847	-5.53944
1.79679	-5.90314
1.51705	-12.309
-8.75947	-16.0291
-13.8895	-12.5914
-10.6079	-12.9408
-6.44223	-11.0987
1.88149	-9.36678
0.0197487	-14.3975
3.53032	-20.0698
5.96063	-23.3943
8.9394	-31.1011
7.02518	-36.4287
2.76101	-33.4563
1.07972	-33.4811
-0.445818	-36.4223
-2.3217	-36.2674
-1.72481	-36.8532
0.653035	-38.8454
0.461273	-34.0129
-0.0709507	-34.5574
-2.00172	-31.0719
-4.27987	-29.1941
-2.21849	-22.4467
0.481074	-14.43
1.3512	-23.5724
-2.27096	-23.5978
-2.11708	-19.1036
-4.14148	-17.2891
-0.712146	-18.7787
-9.94431	-17.6565
4.86426	-15.6106
0.735954	-13.9584
1.31904	-15.5097
-4.69767	-27.2571
-9.34662	-27.0176
-2.03887	-33.1674
1.38309	-33.1776
7.13394	-18.7202
0.769682	-23.5952
0.832909	-21.1573
9.95352	-12.5454
6.21363	-12.8358
-2.24954	-9.54493
-3.44916	-14.5611
-0.356806	-21.9358
1.92185	-11.4258
3.34021	4.71974
-1.33862	-5.20572
4.74934	-7.06812
3.2082	-10.569
-0.579695	-7.94256
-3.54046	0.786511
-2.5375	-0.893507
-0.766952	-6.64589
-4.64852	-0.526956
-1.81483	-4.08425
1.66289	0.32658
-2.21686	-7.88276
-5.40487	-11.4994
-2.49317	-1.20228
-0.685325	-7.69975
4.11665	0.554479
-1.36232	-6.37308
-1.66661	-8.84664
4.35677	-1.99556
2.60935	-2.30864
2.16954	1.2439
